0: 58,408,496,1315,751,540
1: 681,1154,1020,1198,487,448
2: 258,298,724,104,461,1300
3: 504,760
4: 617,526,968,913,548,712
5: 650,942,953,844
6: 988,566,377,167,716,329
7: 442,337,587,730,361,572
8: 1267,874,1311,653,121
9: 1127,1111,543,1223,803,163
10: 1040,509,397,407,1029,1187,621
1280: 1181,94,62,859
1209: 864,314,773,186,1055,149,694
1214: 753,498,348,586,677,608
1235: 578,402,989,734,906,155
15: 249,46,872,504,85
16: 736,38,842,66
17: 986,164,434
1256: 1212,920,1282,193,1170,340
19: 643,278,1124,24,224,1058
20: 299,1009,122,549,475,914
21: 106,394,1250,329,674,566
1152: 621,684,1130,521,616
23: 945,754,795,822
24: 1124,1128,1147,740,19,374,224
25: 469,706,1203,305,385,219,1309
26: 165,1061,1263,261
27: 604,784,1220,32,629,747
28: 1203,1307,504,85,633,706
29: 996,965,619,424,1262
30: 917,284,439,593,927
31: 940,224,1058,529,762
32: 395,919,170,629,784,27
33: 55,762,529,1317
34: 1297,80,571,1013,789
35: 1145,1302,1278,514,164
36: 671,227,683,1017,1183,835
37: 512,811,137,861,494,1288
38: 736,16,585,66,1215,197
39: 921,190,259,148
40: 825,992,238,360,832,834
41: 1094,1109,551,1117
42: 934,288,310,882,1070
43: 271,531,541,946,958
44: 358,103,112,458
45: 208,1065,723,1194,1049,1195
46: 678,249,15,1318
1120: 1117,88,482,1137,1171,1161
48: 657,1287,459,1225,109
49: 398,356,446,1054,1094,890
50: 222,1107,303,897,877,976
1270: 74,384,1275,695,1249,187
52: 966,806,129,697,1224
53: 897,877,865,513,759
54: 669,524,738,1088,1251,1217
55: 1091,33,866,376
56: 1041,73,1197,1021,1001,1028,1045
57: 816,991,579,883,1292,1204
58: 0,641,496,1312,540,713
1318: 799,957,46,760
60: 1255,116,174,752,777
61: 380,982,168,578,402
62: 94,282,1280,369,979,859
63: 242,612,238,393,888,985
64: 711,1089,96,383,416
65: 1305,529,1317,495,316,1291
66: 1215,280,16,38
67: 876,774,1261,1246,457,692
68: 300,311,1055,993,694,77
69: 467,613,734,806,697,989
70: 381,266,959,1177,119
71: 1171,1161,1112,1090,202,1057
72: 365,422,1268,1266,1084,319
73: 1041,1174,56,1006,1064,1032,1001
74: 1270,109,384,611,1249,160
1127: 9,1111,1114,1223
76: 949,964,1080,150,480
77: 797,1055,300,68
78: 399,1267,1228,455
1291: 226,1121,495,65,1317,575
80: 34,1297,1253,1259,571
81: 308,602,922,301
1231: 386,822,823,647,247
1167: 786,1132,584,454,333,909
84: 263,904,678,249,564
85: 504,15,872,28,1307
86: 836,309,753,498
87: 624,610,451,696,1034
88: 1117,1120,1105,1109,482
89: 1191,175,1095,1005,1148
1218: 1244,265,166
91: 460,1096,1075,1150,466,810
1255: 116,634,60,729,1018
93: 493,1275,1244,203,921
94: 282,412,62,554,1280,1181
95: 606,771,984,528
96: 1020,915,711,64,448,383
97: 355,985,788,1284,888,639
98: 396,213,816,548,1204,317
99: 333,819,194,1060,786
100: 484,424,1308,1146,114,972
101: 1069,1003,1142,1093,1056
1250: 21,394,674,532,1310
103: 358,586,44,458,511,667
104: 724,544,933,1264,258,2
1269: 781,262,860,248,615
106: 21,394,566,162,182,403
107: 1138,437,1118,537
108: 625,250,669,246,612
109: 1225,74,384,657,611,48
1196: 1106,1026,1097,1113,1092
111: 752,295,116,392
112: 458,261,44
1306: 1226,478,1048,731
114: 972,750,424,100,1262,928
115: 457,1027,692,1093,1180
116: 1255,60,729,295,752,111
117: 477,726,937,826
118: 593,927,1110,916
119: 70,266,1177,408
1176: 731,328,301,588
121: 1240,1252,1228,653,8,1267
122: 599,885,549,20,216,475
1257: 369,785,852,979,193,327
124: 606,771,418,539,656,801,829
125: 271,805,362,956,902,480
1315: 751,1074,558,0,540
1290: 1246,501,1286,814,457
1238: 601,964,997,787
129: 243,728,697,274,1224,52
1217: 1251,163,410,543,738,54
131: 954,683,1293,198,1314
132: 700,452,815,624,780,1182
133: 1131,1188,293,670
134: 425,438,649,273,307,435,583
135: 486,570,308,421
136: 655,541,229,946
137: 861,1211,494,335,982,37
138: 418,539,536,477
139: 519,432,449,407,614,397
140: 1229,142,368,343
1247: 1281,365,1268
142: 140,978,553,809,368
1136: 153,1281,1138,1118,1104,467
144: 216,626,475,429,950,353
145: 203,187,190,970,277,400
146: 508,675,645,901,208,1065
1288: 1298,1119,861,999,512,37
148: 851,39,259,387
149: 936,1285,1140,527,314,773,1209
150: 322,338,902,480,76,1080
1182: 1159,452,132,780
1148: 1005,346,1051,175,89,222,1107
153: 1136,1281,1268,467,613,319
154: 668,306,1239,1276,875,562
155: 906,1260,734,820,1265,1235
156: 334,998,198,1000,1023,1189
157: 506,1039,704,615,286,382
1139: 573,517,1052,352,798,176,1033
1287: 742,633,642,745,459,48
160: 1249,220,611,74,442,587
1126: 515,1019,1113,1106,1184,1086
162: 988,566,106,538,182
163: 1217,410,9,543,803
164: 1037,35,434,986,17
165: 26,1061,598,261,831
166: 493,963,1241,265,1218
167: 716,217,430,326,6,377
168: 61,380,243,728,578,755
1160: 1213,1292,1153,1144,1108,1044
170: 646,1158,919,32,629,582
1285: 936,149,867,247,1140
1308: 211,1025,484,100,1146
173: 391,839,401,959,381
174: 317,1101,776,60,1234,777
175: 89,235,1148,222
176: 1033,1078,352,1139,717
177: 704,248,615,850,862,359
178: 430,326,831,458,667
179: 327,546,718,778,990
180: 202,1063,627,1134,1042,1008
1300: 426,456,461,557,2
182: 1259,403,162,106,538,1253
183: 746,581,565
1157: 1117,1011,1129,1171,1112
185: 196,535,503,415,886,1239
186: 864,314,1209,652,229,830
187: 145,203,1270,1275,1249,970
188: 568,1190,413,794,686
189: 895,949,306,562,362,857
190: 145,203,39,921,259
191: 434,1097,1319,1026,1191
1313: 392,483,635,707
193: 785,1257,920,1256,1170,327
194: 1060,840,1125,819,99
1124: 24,1128,717,1078,19,278
196: 535,185,237,682,1216,503
197: 1222,1221,343,38,585,1215
198: 334,156,1189,1314,131,954
1145: 35,1302,876,774
200: 1197,976,1021
201: 1162,1022,1115,1003,1156,1038
202: 180,1063,1057,1015,71,627
203: 145,187,190,1275,93
204: 686,1190,991,579,634,1018
205: 792,354,212,1227,948
206: 945,754,463,584,454
1116: 356,288,310,992,1054
208: 45,1065,146,645,1195
209: 256,990,769,718,320,276
210: 1274,1013,1073,244,432,223
211: 680,1308,604,1220,1025
212: 617,526,205,354,283,1227
213: 396,98,548,617,283,363
214: 632,798,767,1081,508,675
215: 663,447,607,813,856,217
216: 626,719,144,475,122,885
217: 167,856,873,215,607,326
1212: 920,359,1256,704,286,1282
219: 1309,469,25,793,963
220: 1249,160,970,442,318,351
221: 1081,810,1075,1186,1068,1062
222: 50,1107,175,303,1148
223: 627,449,210,1015,244,432
224: 940,374,31,24,19,1058
225: 550,527,696,1034,345
226: 1291,483,1317,376
227: 671,339,735,36,683,1293
1138: 437,107,1118,1136,1104
229: 541,652,864,186,136,655
1121: 1291,452,575,1159,378
1234: 777,174,776,289
1293: 131,683,843,227,735
233: 417,971,1035,525,643,268
234: 914,429,748,966,721,1224
235: 955,923,401,175
1117: 1120,1157,88,41,1109,1129
237: 196,535,682,841
238: 242,63,985,40,825,834
1177: 303,70,119
240: 912,1242,673,626,950,544
241: 956,857,637,871,386,647
242: 63,612,238,934,825
243: 728,129,274,456,755,168
244: 1137,1015,661,1274,210,789,223
1166: 1130,1194,1010,1004,684,723
246: 669,524,790,854,108,393
247: 254,647,1140,1231,1285
248: 177,615,781,1269,328,850
249: 678,15,46,84,564,872
250: 625,882,108,479,612,934
251: 302,978,375,836,899,567
1268: 365,72,153,1247,319
1283: 501,1273,832,356,446
254: 647,247,1140,637,961,830
1131: 133,1053,714,1188
256: 769,209,320,953,998,650
1142: 101,1093,1169,1123,1071
258: 298,350,952,2,104,1264
259: 387,400,190,39,148
260: 597,1219,1170,440,778,357
261: 112,26,165
262: 781,588,1269,602,421,409
263: 759,713,84,678
1310: 532,288,1250
265: 670,1241,166,1218
266: 70,381,783,751,1164,119
267: 732,296,1303,560,1316,1279
268: 643,278,1078,1035,233
269: 846,1289,1229,364,343
1150: 1075,1163,1115,1172,91,1096
271: 43,531,125,805,902
1274: 210,1013,244
273: 425,438,134,746,471,665
274: 243,129,1224,557,456
1191: 89,191,923,1095,1026
276: 320,718,869,209
277: 379,400,970,145,318,411
278: 643,19,268,1078,1124
279: 487,406,448,383,1082,1199
280: 66,1215,1175,932
281: 1037,648,380,391,450
282: 94,412,850,62,862,369
283: 838,363,1227,212,617,213
284: 30,917,439
285: 1169,551,814,1094
286: 999,1282,382,157,704,1212
1190: 188,1178,1213,686,204,991
288: 42,310,1070,1310,1116
289: 1237,776,1245,1234
290: 988,377
291: 1143,338,531,958
292: 1229,553,1013,1073
293: 1241,1309,385,1188,133,670
1170: 440,340,1256,193,778,260
295: 635,116,729,392,111
296: 732,267,1025,560,604,784
1115: 201,1022,1172,1038,1096,1150
298: 258,350,2,426,514,1302
299: 20,1009,537,549
300: 311,68,993,77
301: 478,922,81,602,588,1176
302: 251,978,375,858,809
303: 1177,513,50,222,897
304: 318,411,351,702,792,354
305: 1248,758,385,1203,25
306: 154,668,562,189,895
307: 690,803,435,134,649
308: 81,602,421,135
309: 836,899,86,842
310: 42,934,288,825,992,1116
311: 300,68,993,610,577
1249: 160,220,970,1270,74,187
1228: 121,1240,1267,78,455
314: 773,1209,186,1140,149,830
315: 968,900,1044,883,712
316: 688,495,782,65,1305
317: 174,1101,776,816,98
318: 304,411,351,220,970,277
319: 820,1084,153,72,1268,613
320: 276,256,209,650
1193: 404,505,1192
322: 150,338,505,1080,472,1143
1154: 1,1012,681,1052,1198,1016
1179: 1279,941,619,996
325: 674,705,813,716,856,329
326: 178,430,831,873,167,217
327: 179,546,852,1257,193
328: 1176,781,588,248,412,850
329: 716,674,325,566,6,21
1186: 1075,1163,1043,1006,221,1068
331: 532,1054,660,1102
1312: 1189,540,58,641,713,720
333: 507,454,819,99,786,1167
334: 942,953,998,156,198,954
335: 137,1211,402,906,453,982
1267: 8,1311,78,399,121,1228
337: 7,587,576,715,730,1207
338: 150,322,902,531,1143,291
339: 671,227,735,1248,758,714
340: 1170,440,1282,1256,589,1298
1134: 627,449,180,1040,397,1008
1163: 1075,1150,1186,1172,1151,1043
343: 197,364,140,269
344: 511,492,667,951,430,377
345: 993,1034,694,225,527,773
346: 1005,1148,1051,1076,1174
1144: 1199,1108,417,1153,1160
348: 753,1214,358,586
1178: 568,1190,971,1153,1213
350: 258,298,952,774,1261,1302
351: 318,304,442,220,361,702
352: 632,798,517,1139,717,1085,176
353: 724,950,144,429,721,461
354: 792,205,702,304,212,526
355: 985,97,1230,639,685,834
356: 49,1116,446,992,832,1283
357: 990,769,1000,778,1219,260
358: 103,586,44,348
359: 1212,920,704,177,862,785
360: 685,832,939,834,40,1273
361: 702,913,572,442,7,351
362: 956,857,189,949,480,125
363: 863,283,838,662,396,213
364: 1222,343,269,1289,600
365: 422,72,1268,1247
1169: 551,285,1123,1071,1129,1142
367: 415,708,668,601,787,895
368: 585,567,978,140,142
369: 785,1257,979,282,62,862
1225: 109,384,793,459,469,48
1207: 730,436,444,576,1082,337
1245: 662,396,776,289,1237
1199: 1144,525,487,279,406,417
374: 940,224,1147,24,917,727
375: 251,302,498,677,858,836
376: 866,635,55,483,226
377: 988,6,290,430,167,344
378: 707,483,1121,1159
379: 277,387,400,411,874,1311
380: 61,168,755,648,281,450
381: 70,266,783,173,811,959
382: 286,999,453,157,506,1211
383: 416,1082,96,64,279,448
384: 1225,1270,109,74,793,695
385: 305,1248,1188,25,293,1309
386: 1231,795,871,530,241,647
387: 259,379,400,148,851,1311
388: 466,1031,1047,460,423,974
389: 651,948,1271,838,926,1227
1258: 982,494
391: 173,839,450,281
392: 1313,635,295,111
393: 63,612,888,246,854,779
394: 21,106,1250,532,403
395: 600,919,32,560,672,784
396: 662,1245,213,98,363
397: 1040,10,139,1134,449,407
398: 49,1054,890
399: 78,851,1267,1311
400: 277,259,379,387,145
401: 848,959,470,173,955,235
402: 1235,578,906,61,982,335
403: 182,1259,106,394,532,660
404: 1193,505,1080,964,997
1135: 1147,740,768,1024,545,439
406: 279,1199
407: 1007,614,1029,139,10,397
408: 0,496,751,119
409: 1036,860,486,421,262
410: 1251,1217,163,1243,1236
411: 318,304,277,379,792,874
412: 94,282,850,554,328
413: 1058,188,568,794,762
1239: 154,668,185,1276,503,415
415: 367,708,886,185,668,1239
416: 383,576,1082,64,642,468
417: 233,971,1153,525,1144,1199
418: 539,138,536,656,124,829
419: 824,538,951,837,858
1294: 871,530,562,875,750
421: 308,602,135,486,409,262
422: 365,72,570,1266
423: 1103,901,1079,974,1031,388
424: 484,619,100,29,114,1262
425: 134,649,273,563,746,665
426: 1278,514,1300,456,298,1277
1304: 1020,915,1168,1028,681
1226: 478,1306,1232,1048
429: 914,234,144,475,353,721
430: 178,326,167,344,667,377
431: 700,575,451,688,624
432: 139,519,210,1073,223,449
433: 1002,840,768
434: 1097,191,164,986,1319,17
435: 690,307,134,583,663,607
436: 730,1207,444,1108,900,1044
437: 1138,107,1009,537,748
438: 134,273,471,1061,598,583
439: 30,917,284,1135,1147,1024,593
440: 1170,340,589,597,260
1242: 673,1284,240,912,639
442: 7,587,160,220,361,351
1189: 1023,1312,540,156,198,1314
444: 1207,436,1082,1108
445: 859,852,979,994
446: 356,49,501,1283,1094
447: 215,663,1243,887,813
448: 487,279,1,1020,96,383
449: 223,627,1134,139,432,397
450: 391,839,380,494,281
451: 696,938,624,87,431
452: 700,575,132,1121,1159,1182
453: 906,1260,664,506,1211,335,382
454: 507,333,206,463,584,1167
455: 78,1228,1149
456: 426,1300,557,243,274,1277
457: 115,1290,1246,67,692
458: 112,178,103,44,667
459: 469,706,1287,633,48,1225
460: 91,1133,1096,1047,466,388
461: 721,557,724,353,2,1300
462: 510,616,996,965,945
463: 206,510,818,507,454
1165: 1149
1248: 305,758,714,385,1188,339
466: 767,1031,388,91,460,810
467: 69,613,1136,153,806,1104
468: 657,715,642,416,576
469: 459,706,25,219,1225,793
470: 1037,955,986,401
471: 1155,665,438,273,1061,1263
472: 1192,505,322,1143
473: 741,863,926,905
1262: 928,424,965,29,114
475: 216,144,122,20,914,429
476: 843,564,872,735,1307,758
477: 117,937,138,536
478: 1226,922,1306,301
479: 658,887,1236,625,250,882
480: 150,902,949,76,362,125
1305: 65,529,940,316,782
482: 931,661,1105,1120,88,1137
483: 226,635,376,378,1313
484: 619,424,100,732,1025,1308
1161: 1171,71,1120,1137,1015
486: 135,570,1266,421,1036,409
487: 279,448,1,525,1198,1199
488: 760,757,1050,1059,605,603
1236: 887,479,1243,1251,410,625
1216: 680,682,196,503,1146
1224: 129,274,234,52,966,721
492: 344,951
493: 1275,166,695,963,93
494: 137,1258,982,839,450,37
495: 688,316,65,575,1291
496: 58,878,408,0,513,759
1181: 1280,554,1087,94
498: 753,1214,677,836,86,375
1187: 941,1029,10,621
1155: 471,665,1272,1263
501: 1273,1283,1286,814,446,1290
1219: 597,260,558,357,1000,1023
503: 1276,1216,196,185,1239
504: 3,85,15,1050,28,742,633
505: 1193,404,1080,322,472
506: 157,1039,453,1260,664,382
507: 454,333,819,534,818,644,463
508: 675,146,645,632,214,1066
509: 1040,10,1010,1008,621,684
510: 462,616,818,463
511: 344,667,103,586,608
512: 37,811,1119,1288,783
513: 303,496,53,897,865,759
514: 426,1278,298,35,1302
515: 1076,1126,1019,1014,1151,1184
1265: 820,1084,1299,155,1260,664
517: 573,1139,1052,1046,1062,352,798
1292: 1160,1213,1044,57,991,883
519: 139,432,1229,1073,846,614
1129: 1071,1011,1169,551,1117,1157
521: 616,1152
1195: 840,1125,45,208,1049
1147: 1135,740,24,917,439,374
524: 669,246,54,1088,528,790
525: 1198,487,417,233,1199
526: 212,617,4,702,913,354
527: 225,936,149,773,345
528: 984,1088,606,95,524,790
529: 65,1305,940,31,762,33
530: 1294,871,750,928,386,795
531: 43,271,338,902,291,958
532: 331,1310,394,1250,403,660
1220: 604,27,747,884,211,680
534: 507,819,644
535: 196,185,237,886
536: 418,138,656,477,937,659
537: 299,1009,437,107
538: 824,419,1253,162,182
539: 418,138,124,771
540: 1023,1189,1312,1315,558,58,0,641
541: 652,229,43,946,136
1297: 34,80,931,661,789
543: 893,738,1223,9,1217,163
544: 724,104,950,240,912,933
545: 1002,1077,1135,740,768
546: 179,327,718,852,869,994
1175: 1215,280,1222,1158,932,676
548: 712,1204,617,4,213,98
549: 599,122,20,299
550: 225,1100,696,938,916
551: 1169,285,1094,41,1129
1244: 1218,93,921
553: 809,802,571,292,142
554: 731,1087,94,412,1181
555: 884,841,699,747
1149: 1165,710,1240,455,929
557: 721,461,274,1300,456
558: 597,1219,1315,1074,1023,540
1251: 1217,410,669,54,1236,625
560: 672,1316,395,784,267,296
1266: 486,570,422,72,1084,1036
562: 1294,875,154,306,189,857
563: 746,581,1114,1111,425,649
564: 843,476,872,84,904,249
565: 892,1272,746,183,665
566: 988,6,162,329,21,106
567: 585,368,899,251,978,736
568: 188,1178,643,971,413,1058
1192: 472,1193
570: 135,486,1266,422
571: 553,802,1253,34,80
572: 361,913,730,7,968,900
573: 517,1139,1052,1046,1030,1012
1289: 269,846,364,600,672,1173
575: 700,452,431,688,495,1291,1121
576: 416,1082,715,468,1207,337
577: 780,815,610,311
578: 1235,402,989,728,61,168
579: 57,816,991,204,634,1101
1151: 515,1014,1172,1184,1163,1043
581: 563,746,183,1114
582: 629,699,646,170
583: 598,873,438,134,435,607
584: 206,754,454,909,1167
585: 368,567,736,38,197
586: 358,103,511,1214,348,608
587: 442,7,337,611,715,160
588: 781,262,602,301,1176,328
589: 1298,1119,440,340,1074,597
590: 653
1230: 912,639,933,355,685,666
592: 1197,957,1045,1059,757
593: 118,1060,1024,30,439
1185: 1100,867,909,1132,936
1246: 1290,1254,67,1261,457
1223: 543,893,9,1127
597: 1219,260,558,589,440,1074
598: 583,873,438,165,1061,831
599: 122,885,826,549
600: 395,676,919,364,1289,672
601: 964,1238,787,367,895
602: 81,308,421,301,262,588
603: 711,605,1089,488,1050,745
604: 784,27,1220,296,1025,211
605: 711,603,1059,488,915
606: 124,95,771,528,801,790
607: 215,663,435,583,873,217
608: 677,837,586,511,1214
1164: 751,1074,1119,266,783
610: 815,624,87,993,1034,311,577
611: 657,715,109,74,587,160
612: 242,63,393,250,108
613: 467,69,734,153,820,319
614: 1007,407,846,139,519,1173
615: 704,248,177,1269,157,1039
616: 462,521,510,941,1152
617: 212,526,4,548,213,283
1125: 840,1195,644,1049,819,194
619: 484,424,732,1179,29
620: 686,1091
621: 1152,684,509,10,1187
1303: 267,1316,1007,1279
623: 905,651,1233,800
624: 815,87,610,451,700,431,132
625: 250,108,1251,669,1236,479
626: 216,719,144,673,240,950
627: 223,1134,449,1015,180,202
628: 713,720
629: 699,747,582,170,32,27
1261: 67,774,350,952,1246,1254
1141: 829,788,1284,656,659
632: 352,798,214,508,1066,1085
633: 742,1287,504,28,459,706
634: 1255,1018,204,579,1101
635: 376,295,483,1313,392
1194: 1166,1130,45,723,975,1049
637: 956,241,254,647,805,961
1232: 1048,1226
639: 1230,912,1284,1242,355,97
1279: 1179,1029,267,1303
641: 58,1312,540
642: 1287,745,1089,416,468
643: 19,278,268,233,971,1058,568
644: 818,975,1049,1125,507,819,534
645: 508,146,208,1066,1002
646: 1158,932,170,582
647: 254,247,1231,386,241,637
648: 755,1277,1278,380,1037,281
649: 425,134,563,1111,307,803
650: 5,256,320,953
651: 389,1271,1233,926,905,623
652: 541,961,229,830,186
653: 590,8,948,1271,121,1252
1204: 548,712,57,816,883,98
655: 136,229,864,797
656: 418,536,124,1141,829,659
657: 611,715,48,468,109
658: 887,479,813,882,705
659: 744,536,656,937,1141
660: 1102,987,331,532,403
661: 931,482,1297,789,1137,244
662: 1245,396,863,363,1237,741
663: 215,447,607,690,1243,435
664: 453,1260,1265,1299,506,1039
665: 1155,471,565,1272,746,425,273
666: 1230,685,939
667: 344,511,458,178,430,103
668: 154,306,1239,415,367,895
669: 524,246,54,1251,625,108
670: 265,133,1241,293
671: 339,227,36,1053,835,714
672: 560,1173,1316,1289,395,600
673: 1242,744,626,719,240
674: 705,325,1070,329,21,1250
675: 508,146,901,767,1031,214
676: 600,919,1175,1222,1158
677: 837,858,608,498,1214,375
678: 249,46,263,84,799
1302: 1145,35,298,350,514,774
680: 211,1216,1220,682,884,1146
681: 1,1012,1154,1168,1020,1304
682: 884,841,680,1216,196,237
683: 131,954,1293,1183,227,36
684: 1152,621,509,1010,1166,1130
685: 360,939,834,355,1230,666
686: 204,620,188,1190,1091,1018
1128: 1124,24,717,1077,740
688: 495,316,575,431
1275: 493,695,93,1270,203,187
690: 1243,307,803,435,663
691: 1027,876,1097
692: 1027,67,876,457,115
1309: 219,1241,293,385,25
694: 993,345,773,1209,1055,68
695: 493,1275,963,1270,384,793
696: 451,938,225,550,1034,87
697: 728,129,52,806,69,989
1188: 1248,714,385,1131,133,293
699: 629,747,582,555
700: 452,575,431,132,624
1317: 65,33,1291,226
702: 361,913,304,351,526,354
1241: 293,1309,670,265,166,963
704: 177,615,157,286,1212,359
705: 674,325,1070,658,813
706: 459,469,25,1203,28,633
707: 378,1313
708: 415,367,886,787
1272: 565,892,1155,665
710: 1240,1252,1233,800,929,1149
711: 605,603,1089,64,915,96
712: 548,1204,315,968,883,4
713: 759,263,628,58,1312,720
714: 1248,1188,671,339,1053,1131
715: 657,611,468,576,337,587
716: 167,856,329,325,6
717: 1085,1077,352,176,1078,1124,1128
718: 179,546,869,990,209,276
719: 216,626,726,885,673,744
720: 904,1314,1312,713,628
721: 461,557,234,429,353,1224
1184: 1172,1038,1086,1126,515,1151
723: 45,1065,1004,1103,1166,1194
724: 104,950,544,353,461,2
1316: 560,672,1173,1007,267,1303
726: 117,937,885,826,744,719
727: 917,374
728: 243,129,697,578,989,168
729: 1255,116,1018,866,295
730: 1207,436,7,337,900,572
731: 1176,554,1306,1087
732: 267,296,1025,484,619
1114: 563,581,1127,1111
734: 69,613,820,1235,989,155
735: 339,227,1293,843,476,758
736: 16,38,842,899,585,567
1183: 1017,844,942,954,683,36
738: 543,893,969,1088,1217,54
1227: 283,838,212,205,948,389
740: 1135,1147,545,1077,24,1128
741: 473,662,863,1237
742: 1287,633,745,1050,504
1286: 501,1273,939,1290
744: 673,659,726,937,719
745: 742,1287,642,1050,603,1089
746: 563,581,183,565,665,425,273
747: 629,699,27,1220,555,884
748: 914,234,1009,437,966
1198: 525,1016,1,1154,1035,487
750: 875,114,972,928,1294,530
751: 1315,1074,1164,266,408,0
752: 111,116,60,777
753: 498,1214,348,86
754: 206,584,23,822,823
755: 1277,648,243,380,168
1174: 1041,73,1076,1014,346,1051,1064
757: 760,488,592,957,1059
758: 305,1248,476,339,735,1307
759: 713,263,513,878,496,53
760: 757,488,1050,1318,3
1159: 1182,452,1121,378
762: 794,33,31,413,529
1119: 589,1298,1288,512,783,1164
1168: 1001,1030,1028,1012,681,1304
1153: 417,971,1144,1178,1160
1229: 292,140,269,519
767: 466,1031,1081,810,675,214
768: 1135,1024,840,545,433,1002
769: 256,990,357,209,1000,998
1301: 877,924,976
771: 124,606,95,539
1240: 121,710,1252,1228,1149
773: 314,1209,936,149,527,345,694
774: 67,876,1261,350,1145,1302
1252: 121,710,1240,653,1271,1233
776: 317,174,1245,1234,289
777: 1234,60,174,752
778: 179,1170,260,990,357
779: 801,854,829,788,393,888
780: 577,815,132,1182
781: 262,588,1269,328,248
782: 316,1305
783: 381,266,512,811,1119,1164
784: 604,27,395,32,560,296
785: 369,1257,193,862,920,359
786: 1132,1110,1167,333,99
787: 601,1238,367,708
788: 1141,829,1284,779,888,97
789: 1013,34,1297,661,244
790: 801,854,528,606,524,246
1263: 26,1061,1155,471
792: 205,354,304,411,874
793: 1225,384,469,219,695,963
794: 762,1091,413,188
795: 386,822,928,23,530
1278: 426,514,1277,648,35
797: 77,864,1055,655
798: 352,632,214,1081,1062,517,1139
799: 957,1318,877,678
800: 929,1233,710,623
801: 790,854,779,124,606,829
802: 553,809,571,824,1253
803: 690,307,9,1111,649,163
1118: 1138,107,1136,1281
805: 271,125,956,637,961
806: 52,966,1104,467,69,697
1133: 460,1096,1099,1022,1098,1047
1132: 786,1110,1167,909,1100,1185
809: 553,802,302,978,142
810: 1081,221,91,1075,466,767
811: 512,37,839,381,783
1213: 1160,1292,1178,1190,991
813: 658,887,215,447,856,705,325
814: 501,1290,285,1123
815: 624,610,132,577,780
816: 57,579,1204,317,1101,98
1233: 651,1271,710,1252,623,800
818: 975,644,510,463,507
819: 507,333,534,99,644,1125,194
820: 1084,319,1265,613,734,155
1314: 720,1189,198,131
822: 1231,795,23,754,823
823: 867,909,754,1231,822
824: 538,419,1253,858,802
825: 40,992,242,238,934,310
826: 599,885,117,726
1130: 1166,1194,1152,684,975
1284: 1141,788,1242,97,639
829: 1141,788,124,418,656,801,779
830: 961,652,254,1140,314,186
831: 178,326,165,598,873
832: 360,40,992,356,1273,1283
1281: 1136,153,1247,1118
834: 360,685,238,355,985,40
835: 1053,1017,671,36
836: 309,899,86,498,251,375
837: 677,858,608,951,419
838: 863,283,363,926,1227,389
839: 391,173,450,494,811
840: 1195,1125,433,1002,194,768,1024
841: 555,682,884,237
842: 736,16,309,899
843: 564,476,904,1293,735
844: 1017,1183,942,5
1137: 1015,244,482,661,1120,1161
846: 269,1289,519,1173,614
1122: 1112,1090,1099,1011,1056,1162
848: 401,959
1173: 672,1316,846,1289,1007,614
850: 282,412,862,328,248,177
851: 148,387,399
852: 1257,979,445,327,546,994
1172: 1184,1038,1115,1151,1163,1150
854: 801,790,779,246,393
1307: 1203,28,476,872,85,758
856: 716,217,215,813,325
857: 362,956,241,871,562,189
858: 677,837,824,419,302,375
859: 445,62,1280,979
860: 1036,409,1299,1269,1039
861: 137,1211,999,37,1288
862: 282,850,177,359,369,785
863: 838,363,926,662,741,473
864: 1209,186,1055,229,655,797
865: 53,897,513
866: 376,55,1091,729,1018
867: 823,909,936,1285,1185
1299: 1036,860,1084,1265,664,1039
869: 994,546,718,276
1237: 289,662,1245,741
871: 1294,530,386,241,857
872: 564,476,249,15,85,1307
873: 598,583,607,326,831,217
874: 8,1311,411,379,792
875: 972,750,1276,154,1294,562
876: 67,774,1145,692,691
877: 53,897,50,976,1301,799
878: 496,759
1222: 197,364,1221,1215,1175,676
1243: 690,410,663,447,887,1236
1123: 814,1169,1142,1093
882: 250,658,479,1070,42,934
883: 57,1292,315,712,1204
884: 555,682,841,747,1220,680
885: 599,122,826,726,216,719
886: 415,708,535,185
887: 658,1236,479,813,1243,447
888: 63,393,779,788,985,97
1271: 651,948,389,1233,653,1252
890: 1109,398,49,1102
1260: 906,453,155,664,1265,506
892: 565,1272
893: 543,738,1223,969
1171: 1161,71,1120,1157,1112
895: 189,949,367,668,306,601
1221: 197,1222,1215
897: 53,877,865,303,513,50
1259: 182,403,987,80
899: 836,309,251,736,842,567
900: 315,968,1044,730,436,572
901: 423,1103,1031,1065,675,146
902: 150,338,480,271,531,125
1203: 28,1307,305,706,25
904: 720,84,843,564
905: 623,926,651,473
906: 453,155,1260,1235,402,335
1162: 201,1022,1056,1003,1099,1122
1311: 8,1267,874,379,387,399
909: 867,823,584,1132,1167,1185
1264: 933,104,258,952
1206: 
912: 240,1230,639,933,1242,544
913: 361,702,572,968,526,4
914: 234,429,748,20,1009,475
915: 1020,96,1304,711,605
916: 938,1110,118,927,550,1100
917: 30,727,284,439,1147,374
1180: 1092,1067,115,1027,1069,1093
919: 395,676,600,32,1158,170
920: 1212,359,1256,785,193
921: 39,93,1244,190
922: 478,301,81
923: 955,1319,1191,235
924: 976,1301
1143: 291,322,338,472
926: 863,838,651,389,473,905
927: 118,30,938,916
928: 1262,114,750,530,795
929: 800,710,1149
1156: 1067,1069,1003,201,1038,1086
931: 482,661,987,1105,1297
932: 646,1158,280,1175
933: 1230,912,104,544,1264
934: 42,310,250,882,242,825
1211: 137,861,335,453,999,382
936: 149,1285,867,527,1185,773
937: 117,477,726,536,744,659
938: 451,696,916,927,550
939: 360,685,666,1273,1286
940: 374,224,31,1305,529
941: 1179,1187,996,616
942: 334,953,5,954,844,1183
1282: 286,999,1212,1256,1298,340
1273: 501,1283,1286,360,832,939
945: 206,965,462,23
946: 958,43,541,136
1277: 755,648,426,1278,456
948: 389,1271,205,653,1227
949: 189,895,76,362,480
950: 724,544,353,626,144,240
951: 344,492,988,837,419
952: 258,350,1264,1254,1261
953: 334,942,998,256,650,5
954: 131,683,334,942,198,1183
955: 986,923,1319,470,401,235
956: 362,241,857,637,125,805
957: 799,1318,592,757
958: 946,43,531,291
959: 848,401,173,70,381
1215: 66,280,1175,38,197,1222,1221
961: 652,830,637,254,805
1158: 646,932,170,1175,676,919
963: 493,166,695,219,1241,793
964: 601,997,1238,76,404,1080
965: 996,29,462,1262,945
966: 52,806,1104,234,748,1224
1276: 503,875,972,154,1239
968: 315,900,913,572,712,4
969: 984,1088,893,738
970: 1249,220,145,187,318,277
971: 417,233,1153,643,1178,568
972: 875,114,750,100,1276,1146
1298: 589,1119,1288,1282,340
974: 423,1079,1083,1072,1047,388
975: 818,644,1049,1130,1194
976: 1197,200,924,1021,50,1107,877,1301
1253: 824,538,182,802,571,80
978: 251,302,809,368,567,142
979: 369,852,1257,62,859,445
1254: 1246,952,1261
1146: 680,1308,1216,100,972
982: 61,1258,402,137,494,335
1140: 254,247,149,1285,830,314
984: 1206,969,1088,528,95
985: 355,97,63,238,888,834
986: 955,1319,17,470,164,434
987: 660,1102,1105,1259,931
988: 566,6,290,377,162,951
989: 1235,578,69,734,728,697
990: 769,357,209,179,718,778
991: 57,579,1190,1213,1292,204
992: 40,825,310,832,356,1116
993: 1034,345,694,610,300,311,68
994: 869,852,445,546
1197: 200,976,1021,592,56,1045
996: 965,29,1179,941,462
997: 964,1238,404
998: 334,953,156,256,769,1000
999: 286,1282,382,861,1211,1288
1000: 769,357,1219,1023,998,156
1001: 1030,1168,1028,73,56,1032
1002: 545,1066,433,645,840,1077,768
1003: 1069,101,1056,1156,1162,201
1004: 1042,1010,1103,1079,1166,723
1005: 1148,346,1095,89,1076,1019
1006: 1043,1064,1186,73,1068,1032
1007: 407,614,1029,1173,1316,1303
1008: 1042,1010,1134,180,1040,509
1009: 20,299,537,437,914,748
1010: 1042,1004,1008,509,684,1166
1011: 1071,1129,1056,1157,1112,1122
1012: 681,1154,1030,1168,573,1052
1013: 1274,210,789,1073,34,292
1014: 1076,515,1151,1043,1064,1174
1015: 1137,244,1161,223,627,202
1016: 1198,1052,1154,1033,1035
1017: 844,1183,36,835
1018: 1255,634,729,1091,686,204,866
1019: 1076,1126,515,1106,1095,1005
1020: 915,96,1304,1,681,448
1021: 1197,200,976,1051,1107,1041,56
1022: 1162,201,1115,1099,1133,1096
1023: 1189,540,1219,558,1000,156
1024: 1135,768,840,1060,593,439
1025: 732,296,604,211,1308,484
1026: 1106,1196,1095,1097,191,1191
1027: 692,691,115,1092,1180
1028: 1001,1168,56,1045,1304
1029: 1007,407,10,1279,1187
1030: 1001,1168,1046,1032,573,1012
1031: 466,767,388,423,901,675
1032: 1046,1068,1006,73,1001,1030
1033: 176,1035,1139,1052,1016
1034: 993,345,225,696,87,610
1035: 1033,1198,1016,268,233
1036: 860,409,1299,486,1266,1084
1037: 470,164,281,648
1038: 1172,1184,1086,1156,201,1115
1039: 157,506,860,1299,664,615
1040: 509,10,397,1134,1008
1041: 73,1174,56,1051,1021
1042: 1010,1004,1008,180,1063,1079,1083
1043: 1006,1064,1014,1151,1163,1186
1044: 315,900,1108,436,1160,1292
1045: 1059,56,1197,592,1028
1046: 1068,1032,1062,1030,573,517
1047: 1098,1072,460,1133,974,388
1048: 1232,1226,1306,1087
1049: 975,644,1194,45,1195,1125
1050: 760,488,504,603,742,745
1051: 1148,346,1107,1041,1174,1021
1052: 573,517,1139,1012,1154,1033,1016
1053: 835,671,714,1131
1054: 331,398,49,1116
1055: 864,1209,694,797,77,68
1056: 1071,1011,101,1003,1122,1162
1057: 202,1063,71,1090,1072
1058: 413,643,19,224,31,568
1059: 1045,592,757,488,605
1060: 194,99,1024,593
1061: 26,165,1263,471,438,598
1062: 1046,1068,1081,221,798,517
1063: 180,202,1057,1072,1042,1083
1064: 1043,1006,1014,73,1174
1065: 45,208,723,1103,901,146
1066: 1002,508,645,632,1085,1077
1067: 1113,1092,1180,1156,1069,1086
1068: 1046,1032,1062,1186,1006,221
1069: 101,1003,1093,1067,1180,1156
1070: 674,705,882,42,288
1071: 1011,1129,1056,1169,1142
1072: 1098,1047,1063,1057,974,1083
1073: 210,1013,292,519,432
1074: 1315,751,1164,589,597,558
1075: 1163,1150,1186,91,810,221
1076: 515,1019,1014,1005,346,1174
1077: 717,1085,545,1066,1002,740,1128
1078: 176,717,1124,278,268
1079: 423,1103,974,1083,1042,1004
1080: 404,505,964,76,150,322
1081: 810,221,767,1062,798,214
1082: 383,416,576,279,1207,444
1083: 1079,974,1063,1072,1042
1084: 820,319,1265,72,1266,1036,1299
1085: 717,1077,352,632,1066
1086: 1184,1038,1113,1067,1156,1126
1087: 1048,554,731,1181
1088: 984,969,528,738,524,54
1089: 711,603,64,642,745
1090: 1112,1122,71,1057,1098
1091: 55,794,686,620,866,1018
1092: 1113,1067,1180,1027,1196
1093: 1069,101,1142,1123,115,1180
1094: 41,49,446,551,285
1095: 1106,1026,1191,89,1019,1005
1096: 91,460,1133,1022,1115,1150
1097: 434,191,691,1196,1026
1098: 1072,1047,1090,1099,1133
1099: 1122,1162,1022,1098,1133
1100: 550,1185,1132,1110,916
1101: 317,174,816,579,634
1102: 660,987,1105,331,890,1109
1103: 423,901,1079,1004,1065,723
1104: 966,806,1138,1136,467
1105: 1102,987,1109,931,482,88
1106: 1196,1095,1026,1113,1126,1019
1107: 50,222,1148,1051,976,1021
1108: 1144,436,444,1160,1044
1109: 890,41,1102,1105,1117,88
1110: 786,1132,118,1100,916
1111: 9,1127,563,1114,649,803
1112: 1090,1122,1157,1011,1171,71
1113: 1092,1067,1106,1196,1086,1126
1319: 955,986,923,434,191