0: 408,751,597,558,496,540
1: 487,915,441,488,1168,1064,64
2: 258,298,724,104,461,426
3: 15,504,46,760,1019,1050
4: 617,526,968,913,548,712
5: 650,942,953,844
6: 988,566,290,377,172,716
7: 1089,337,730,900,361,572
8: 18,590,1228,653,121,948
9: 1114,1127,543,1223,803,163
10: 898,891,509,207,1040,252,516,684
11: 33,762,794,609,19,559
1209: 186,314,1055,773,345,694
1214: 753,498,348,586,677,608
1235: 906,105,155,578,402,989
15: 3,85,46,143,872
16: 736,38,842,66
17: 470,164,35,955,986,434
18: 8,590,184,1228,874
19: 79,908,940,609,11,794
20: 299,1009,537,122,549,914,475
21: 106,394,172,674,542,329,566
22: 962,1117,1109,139,1008,427
23: 424,928,965,945,754,795
24: 1124,643,568,971,740,1078
25: 1203,476,305,679,385
26: 165,261,1061,1155
27: 604,1220,32,170,629,747
28: 633,85,504,1203,706
29: 484,619,1029,232,424,965
30: 980,917,126,1135,1210,284
31: 981,529,727,464,980,917,181
32: 604,296,27,170,784,919
33: 11,762,807,559,866,828
34: 292,1013,789,210,804,925
35: 1145,164,17,1172,434
36: 1017,683,1183,227,671,835
37: 839,1184,1095,861,512
38: 736,16,585,66,1215,1221
39: 921,190,259,148
40: 360,685,238,1003,1022
41: 1071,1161,764,660,890,1105
42: 288,310,934,250,242,1054
43: 271,531,541,946,958
44: 112,458,358,103
45: 743,1033,840,1010,723,474
46: 3,15,763,143,847,1019
47: 574,268,1205,83,689,1035,944
48: 742,633,642,459,468,109
49: 501,1022,832,446,1067,285
50: 877,222,235,303,56,1014,1043
51: 1005,1126,1062,877,303,1113
52: 728,129,966,1224,697,274
53: 59,255,897,622,865,481
54: 669,524,738,1088,1217,1236
55: 1190,1018,620,762,794
56: 233,1107,1014,224,50,1043
57: 991,816,204,712,1204,883
58: 341,496,878,641,759,713
59: 53,255,897,622,1045,947
60: 116,1178,1101,777,1091,113
61: 281,982,168,402,380
62: 1181,94,979,859
63: 393,612,888,242,250
64: 448,406,279,1064,487,96,1
65: 807,833,316,495,226,1121
66: 1215,280,16,38
67: 814,939,1156,1133,1099
68: 300,1055,993,311,694,77
69: 806,697,613,467,734,989
70: 513,761,1177,266,381,1106
71: 1015,1057,180,1056,1112,1093
72: 365,422,319,570,1084,1036
73: 525,849,1139,971,233,1107,568,1032
74: 970,442,384,611,160,187
75: 711,603,1197,760,1050,605
76: 949,480,601,964,1080,150
77: 797,1055,300,68
78: 399,1228,455
79: 908,19,413,1160,794
80: 571,802,824,1157
81: 308,602,301,922
1231: 386,795,822,647,247
83: 595,689,268,47
84: 904,720,628,678,249
85: 15,504,1203,872,28
86: 836,309,753,498
87: 147,640,451,696,1034
88: 987,272,890,1120,1105
89: 346,1062,1148,1076,515,1126
1218: 93,265,493,166
91: 974,627,1079,1096,161,388,798
92: 614,693,127,139,973,518
93: 1218,493,203,921
94: 282,979,412,554,1181,62
95: 606,771,984,528
96: 605,487,711,745,279,64,383
97: 656,829,788,659,1141
98: 662,396,776,816,1204,317
99: 118,593,333,194,786
100: 232,972,211,484,889,1179
101: 1148,1083,853,1191,1072,221
102: 529,464,152,278,374,940
103: 358,586,458,44,667,511
104: 724,544,933,258,2
105: 906,335,1235,860,155,453
106: 21,394,1011,566,162,182
107: 1138,437,1009,537
108: 882,250,669,246,625,612
109: 657,468,633,48,459,1225,611
1196: 666,952,939,1115
111: 392,295,752,113
112: 520,458,44,261
113: 1091,752,295,60,116,111
114: 232,972,424,928,750,530
115: 390,1072,1092,1069,457,770
116: 60,1178,620,295,729,113
117: 477,726,937,826
118: 927,284,593,99,786,1110,916
119: 266,1151,408,751,761,341
1176: 554,731,328,301,588
121: 948,710,8,1228
122: 599,885,549,20,216,475
123: 245,516,169,127,159,397
124: 606,771,418,539,801,829
125: 956,362,480,902,271,805
126: 30,1024,1210,439,284,593
127: 139,159,92,973,397,123
128: 336,740,1001
129: 243,728,52,274,557
1217: 163,1236,410,543,738,54
131: 954,683,198,904,720,843
132: 780,452,1159,707
133: 1131,1188,293,670
134: 307,273,649,690,583,435
135: 421,570,308
136: 655,541,946
137: 861,1211,906,335,494,982
138: 418,539,536,477
139: 127,159,1008,22,1117,92,693
140: 368,197,983,725,142,343
141: 432,1102,894,1134,500,1109,519
142: 983,978,553,368,140
143: 257,847,1006,15,46,872
144: 216,626,429,475,950,353
145: 190,400,203,187,970,277
146: 723,901,1065,645,675,840
147: 640,87,610,1034,575,700
148: 851,39,259,387
149: 936,527,773,867,247,1140
150: 902,338,322,76,480,1080
1182: 707,378,332
152: 253,312,910,278,727,464,102
153: 1118,365,319,613,467
154: 668,306,875,185,503,415
155: 1235,105,860,734,820,989
156: 334,998,198,1000,1189,1023
157: 506,453,1039,704,286,382
158: 451,938,701,916,927,1135,264
159: 127,139,1008,207,516,123
160: 1089,587,657,611,74,442
161: 1096,1046,692,1081,974,91
162: 988,566,106,538,182
163: 1217,410,9,543,803,447
164: 470,1027,17,733,1145,35
165: 26,261,1061,598,831,520
166: 493,963,265,1218
167: 716,856,217,430,326,377
168: 578,402,243,728,380,61
169: 245,516,123,898,621,171
170: 646,1158,919,629,582,27,32
171: 485,621,169,898,891,821
172: 716,856,329,566,6,21
173: 401,450,811,1095,1037
174: 317,777,776,1234
175: 1005,1126,848,515,943,405,845
176: 547,877,222,1030,775,1077,214,1016
177: 486,615,664,506,1039
178: 430,667,326,831,520,458
179: 327,323,778,990,357
180: 1015,71,244,1112,223,974,627
181: 833,980,31,981,782,316
182: 1122,1157,162,106
183: 746,425,665
184: 18,874,387,851,399
185: 196,535,503,415,886,154
186: 314,1055,1209,652,229,830
187: 145,203,384,695,970,74
188: 1153,1160,1044,1190,297
189: 895,949,306,562,857,362
190: 145,400,203,39,921,259
191: 230,955,434,691,1186,923
192: 1085,439,545,618,768
193: 1212,920,852,1170,327
194: 347,534,1024,454,333,593,99
195: 592,796,199,1045,1041,957
196: 535,185,237,682,503,1216
197: 585,368,140,343,1222,1221
198: 334,156,1189,720,131,954
199: 930,967,592,796,465,195
200: 235,1113,930,465,976,907
201: 1063,1172,1069,876,1162,1083
202: 1031,423,449,1079,466,388
203: 145,190,187,493,695,93
204: 57,991,816,297,686,634,579
205: 792,653,1227,354,212,590
206: 823,754,584,462,616,510,945
207: 159,1008,1040,516,10
208: 717,1128,366,1033,840,1052,1012,765
209: 256,990,769,718,320,276
210: 789,661,931,1013,34,1129
211: 1146,680,1025,484,1179,100
212: 617,526,205,1227,354,283
213: 838,363,283,548,617,396
214: 1016,508,1096,1030,460,798,176
215: 325,813,607,217,856
216: 626,719,144,122,885,475
217: 607,215,873,326,856,167
1212: 920,359,193,1074,1170
219: 293,385,679,469,793,963
220: 970,442,318,351
221: 1081,1072,1148,101,1046,346,756,1077
222: 50,547,877,176,1016,303,573,1014
223: 449,519,1015,180,244,627,1079
224: 233,56,1014,767,517,573,568
225: 1167,550,527,773,345,1060
226: 378,483,1121,807,65,828
227: 735,339,671,843,683,36
228: 267,709,560,420,1007
229: 652,186,655,864
230: 191,955,1038,1163,1186,1068
1234: 174,776,289
232: 114,972,100,484,29,424
233: 1107,56,224,517,568,73,971
234: 914,429,1224,748,721
235: 303,1113,200,50,930,976,1043
236: 564,1006,735,476,872,758
237: 196,535,682,841
238: 825,992,1003,40,356
1177: 865,513,70,959,1106,1026
240: 1097,912,673,626,950,544
241: 857,956,871,386,647,637
242: 63,888,250,42,310,825
243: 728,129,168,755,380
244: 1015,580,180,1137,703,432,519,223
245: 169,123,407,397,1152,621
246: 669,524,790,854,108,612
247: 647,1140,1231,867,822,149
248: 850,781,664,328,1039
249: 564,1006,678,904,84,257
250: 934,108,882,63,612,242,42
251: 302,978,375,836,899,567
252: 1040,1042,1103,10,509,684
253: 152,312,910,977,342,1085
254: 647,637,1140,961,830
255: 53,59,622,481,759,263
256: 769,209,320,953,998,650
257: 143,847,678,1021,249,1006
258: 298,350,2,933,104,952
259: 379,387,190,400,39,148
260: 597,1219,558,589,440,778
261: 26,165,112,520
262: 781,588,664,421,602,409
263: 759,713,678,1021,255,622
264: 688,782,1135,158,701
265: 670,166,1218
266: 119,783,381,1151,761,70
267: 732,709,228,1025,560,296
268: 278,574,47,595,791,83,689
269: 846,1229,364,1173,523
270: 1142,285,1056,814,1098,1099
271: 43,531,805,125,902
272: 88,987,931,1120,1169,1129
273: 134,307,471,1061,583
274: 557,721,1224,52,129
1191: 1148,1083,853,101,1076,691,1063,923
276: 320,718,869,209
277: 379,970,145,400,318,411
278: 374,574,268,791,152,910,102
279: 406,444,64,487,96,383
280: 66,1215,1175,932
281: 61,380,648,391,450
282: 94,979,412,850,785,369
283: 213,838,617,212,1227,389
284: 927,118,593,30,126,1135
285: 270,1142,1067,501,49,814
286: 999,1074,382,157,704,359
1190: 1018,55,188,1160,297,686
288: 42,310,542,1054,532,1090
289: 1237,662,776,1234
290: 988,6,377,344,492,951
291: 1143,338,531,958
292: 1013,34,804,1073,693
293: 219,385,1188,133,670
294: 1194,474,1002,743
295: 376,729,635,116,392,111,113
296: 604,32,784,560,267,1025
297: 991,204,686,188,1044,1190
298: 258,350,2,514,774,1075
299: 20,537,549
300: 577,68,311,77
301: 81,602,478,922,588,1176
302: 251,978,375,858,809
303: 235,1113,51,50,877,222
304: 318,411,351,702,792,354
305: 714,758,1188,476,25,385
306: 154,668,875,562,189
307: 134,273,649,563,425
308: 81,602,135,421
309: 836,899,86,842
310: 42,288,242,825,992
311: 993,1034,610,300,577,68
312: 253,152,1210,1085,727,464
1228: 8,18,78,121
314: 186,1209,1140,773,830
315: 968,1020,900,630,572,883
316: 688,782,65,833,181,495
317: 579,1101,174,816,98,776
318: 304,411,351,220,277
319: 365,72,153,613,1084
320: 276,256,209,650
1193: 1192,404,1080,964
322: 150,338,404,1080,505,1143
323: 179,327,718,852,546,990
1179: 889,1216,1146,211,100
325: 813,215,658,856,329,705
326: 178,430,831,873,217,167
327: 179,323,193,852,1170
328: 1176,781,850,248,412
329: 674,705,325,172,856,21
1186: 848,923,515,230,191,1076,1068
331: 356,398,992,1123,1090,403
332: 392,635,1182
333: 507,454,534,194,786,1132,99
334: 942,953,998,156,198,954
335: 906,105,453,137,1211,382
336: 552,128,977,880,342,740,1078,1001,1147
337: 1089,7,587,730,1207,576
338: 150,902,322,531,1143,291
339: 735,227,671,714,758
340: 589,1119,1074,440
341: 58,496,878,119,408,761
342: 977,336,880,545,1001,1085,253
343: 1222,364,197,140,725,1229
344: 511,492,430,667,377,290
345: 993,1060,694,773,225,1209
346: 756,775,1077,1062,89,221,1148
347: 534,194,1024,768,819,433
348: 753,1214,358,586
1178: 60,116,1018,620,634,1101
350: 258,298,952,774,1133
351: 318,304,220,361,702
352: 717,1065,645,517,632,1124,643
353: 461,721,144,429,724,950
354: 792,205,702,304,526,212
355: 834,788,985,639
356: 832,398,331,238,992
357: 990,769,1000,778,179,1219
358: 103,586,44,348
359: 1212,920,704,862,286,1074
360: 40,685,501,1022,1115
361: 702,913,572,7,351
362: 857,956,125,189,949,480
363: 863,213,838,662,396
364: 600,343,1222,269,1229,523
365: 422,72,319,153
366: 414,208,717,1033,840
367: 415,708,668,601,787,895
368: 585,567,197,140,978,142
369: 785,850,862,282,920
1225: 384,611,793,459,469,109
1207: 730,436,576,1082,1059,337
372: 1168,1032,1064,1139,681
1199: 1198,1059,556,406,444,417
374: 278,574,1205,102,908,940
375: 251,302,498,677,858,836
376: 866,295,729,828,635,483
377: 430,716,167,344,6,290
378: 483,226,1121,1159,1182
379: 277,259,387,400,411,874
380: 755,648,243,168,281,61
381: 783,266,811,827,1106,70
382: 286,999,335,157,453,1211
383: 1082,416,96,711,745,279,444
384: 1225,611,793,695,74,187
385: 219,293,25,305,1188,679
386: 1231,871,530,241,647
387: 259,379,851,148,184
388: 466,1047,460,798,1079,91,202
389: 651,1227,838,926,283
390: 115,1081,1072,1092,770,692
391: 470,1027,648,281,401,450
392: 332,111,295,635
393: 63,612,985,854,779
394: 21,106,1011,542,532
395: 676,784,919,600,672,523
396: 662,98,548,1204,213,363
397: 407,561,973,127,245,123
398: 356,832,331,403,1161,446
399: 78,851,184
400: 145,190,277,259,379
401: 173,450,470,391,986,1037
402: 168,578,906,1235,61,982
403: 1123,398,331,660,1116,1161
404: 1192,1193,1080,322,505,472
405: 924,845,1026,848,943,175
406: 448,279,444,64,556,1199
407: 561,397,245,1007,1152
408: 751,0,119,341,496
409: 486,421,262,664
410: 163,1217,1236,1070,447,887
411: 318,304,277,379,792,874
412: 94,282,554,328,850
413: 1153,1160,1205,79,908
414: 717,366,840
415: 367,708,886,185,154,668
416: 1082,383,745,642,468,715,576
417: 1035,1108,944,556,1198,1199
418: 539,138,536,124,656,829
419: 824,538,951,837,858,809
420: 1173,561,518,228,1007
421: 135,308,602,409,262
422: 365,72,570
423: 1031,1103,202,1134,449,519,1042,466
424: 928,23,965,29,232,114
425: 563,746,183,438,665,307
426: 456,514,461,557,2
427: 1040,22,1109,500,1008
1226: 478,1232,1048
429: 914,234,475,144,721,353
430: 178,667,326,377,167,344
431: 495,575,1058,701,688,640
432: 141,1102,1137,703,580,244,519
433: 1012,819,1066,618,347,768
434: 191,955,35,17,691
435: 663,607,134,690,583
436: 730,1207,1213,1059,1020,900
437: 1138,107,1136,1009,1104,748
438: 665,565,425,1111,471
439: 192,1210,1085,1024,768,126
440: 1170,778,340,589,260
441: 487,915,488,1
442: 74,220,1089,160
1189: 540,1023,641,156,198,720,628
444: 406,279,1082,383,1199,1059
445: 859,881,546,994
446: 1071,1161,832,398,49,1067
447: 690,803,163,410,663,887
448: 406,64,1064,1154,556
449: 519,223,1134,1079,423,202
450: 173,401,281,494,391,1095
451: 696,938,158,701,640,87
452: 575,1058,1159,700,780,132
453: 157,506,335,105,860,382
454: 507,463,644,333,534,194
455: 1149,78
456: 426,514,733,557,755
457: 1069,1162,1092,1086,115
458: 112,520,44,178,667,103
459: 706,469,633,48,109,1225
460: 466,388,1047,798,214,508,810
461: 557,721,353,724,2,426
462: 996,1029,521,616,965,945,206
463: 507,454,644,510,1195,584
464: 31,529,727,102,152,312
465: 930,592,199,200,907,1051
466: 388,1047,460,1031,423,202,675
467: 806,613,69,1136,153,1104
468: 657,715,109,642,48,416
469: 459,679,706,219,1225,793
470: 164,1027,391,17,401,986
471: 1155,1111,438,273,1061
472: 505,1192,404
473: 741,863,926,905
474: 1194,294,821,1002,1010,743,45
475: 914,429,122,20,216,144
476: 1203,872,25,236,305,758
477: 117,937,138,536
478: 1226,922,301,1048,731
479: 658,934,882,705,1054
480: 949,76,125,362,150,902
481: 865,513,878,53,255,759
482: 1137,1105,1071,764,551,580
483: 378,226,376,828,635
484: 619,29,211,232,100
485: 621,171,1004,1194,975,821
486: 409,177,615,1036,664
487: 605,915,96,441,488,1,279,64
488: 605,487,915,441,1,808,1197
1236: 1217,410,1070,669,625,54
1216: 503,1179,682,1146,196
1224: 966,748,234,274,52
492: 344,511,290,837,608,951
493: 963,166,695,93,1218,203
494: 982,137,861,450,1095
495: 431,1058,688,316,65,1121
496: 58,341,408,0,540,641
1181: 1087,554,94,62
498: 753,1214,677,836,86,375
1187: 996,1029,732,709,631,941,619
500: 141,894,1134,1109,427,1040,1042
501: 49,1022,360,814,1115,285
1219: 597,558,260,778,357,1000
503: 889,1216,196,185,154
504: 3,85,1050,742,633,28
505: 472,404,322,1143
506: 157,453,1039,177,615,860
507: 463,454,333,584,909,1132
508: 214,1016,460,798,810,767,573
509: 898,1010,10,891,252,684
510: 616,1130,1195,206,584,463
511: 344,492,667,103,586,608
512: 1119,861,1211,999,37
513: 865,761,70,481,1177,878
514: 426,456,733,298,1075
515: 1186,848,1076,89,1126,175
516: 169,123,159,207,898,10
517: 767,632,573,233,224,352,643,568
518: 561,973,846,614,92,1173,420
519: 449,223,244,141,432,1134,423
520: 112,458,165,261,831,178
521: 616,941,1166,1004,996,462
1195: 818,1125,510,1130,463,644
523: 672,1173,600,364,269,395
524: 669,246,54,1088,528,790
525: 73,1139,971,1078,1028,1147
526: 4,617,212,702,913,354
527: 936,149,773,1167,225
528: 984,1088,606,95,524,790
529: 31,981,464,102,609,940
530: 750,871,114,928,386
531: 43,271,902,338,291,958
532: 1123,1090,542,288,394,1011
1220: 604,27,747,884,1146,680
534: 347,194,819,454,644,333
535: 196,185,237,886
536: 418,138,477,937,656,659
537: 20,299,1009,107
538: 824,419,951,988,162
539: 418,138,124,771
540: 1189,1023,641,0,558,496
541: 652,43,946,136,655
542: 674,1054,288,21,394,532
543: 893,738,1223,9,163,1217
544: 724,104,950,1097,240,933
545: 765,1001,618,342,192,1085
546: 881,852,445,323,994
547: 222,176,1016
548: 712,1204,4,617,396,213
549: 599,122,20,299
550: 1167,225,1110,696,938,1060
551: 1142,1067,1071,482,580,1057
552: 977,336,1147,791
553: 571,802,983,925,142
554: 1176,731,1087,1181,94,412
555: 884,841,699,747
556: 1154,448,406,417,944,1199
557: 274,461,129,426,456
558: 597,1219,260,0,540,1023
559: 807,833,981,609,11,33
560: 672,784,296,267,228
561: 407,973,397,518,420,1007
562: 750,871,306,875,189,857
563: 746,425,1127,581,307,649
564: 249,1006,236,904,735,843
565: 438,892,665,1111
566: 988,6,162,172,21,106
567: 585,368,899,251,978,736
568: 24,643,517,233,224,73,971
1192: 404,1193,472
570: 135,422,72
571: 553,802,80,789,925
572: 361,913,7,315,968,900
573: 767,517,1016,508,222,1014,224
574: 278,374,268,1205,47,908
575: 431,1058,452,147,640,700
576: 1207,1082,416,715,337,587
577: 300,311,610,624
578: 168,402,989,697,728,1235
579: 317,1101,634,816,204,686
580: 1015,1057,244,551,482,1137,703,432
581: 1114,1127,563,746
582: 629,699,646,170
583: 598,873,134,273,1061,435
584: 206,823,909,510,507,463
585: 368,567,197,736,38,1221
586: 358,103,511,1214,348,608
587: 1089,337,160,657,715,576
588: 781,262,602,301,1176
589: 340,1119,1164,440,751,597,260
590: 8,18,874,792,205,653
1230: 1097,639,933,666
592: 930,465,199,195,1041,1051
593: 284,118,99,194,1024,126
1185: 786,1132,1110,1100,936,1167
595: 1028,1147,791,83,689,268
1223: 543,893,1114,9
597: 1219,558,260,589,751,0
598: 831,873,583,165,1061
599: 122,885,549,826
600: 1222,364,395,676,523
601: 997,787,964,367,895,76
602: 81,308,301,421,262,588
603: 711,75,745,1050,742,642
604: 296,27,1220,32,1025,680
605: 487,96,488,1197,711,75
606: 124,95,771,528,801,790
607: 663,813,215,217,435,873
608: 677,837,586,511,492,1214
609: 981,529,19,940,559,11
610: 147,311,1034,577,624
611: 1225,384,657,109,160,74
612: 393,63,246,854,108,250
613: 69,467,734,153,319,1084
614: 92,693,846,1073,973,518
615: 177,486,820,1036,860,506
616: 521,510,1130,462,206
617: 4,526,212,548,213,283
618: 545,765,1012,433,768,192
619: 484,29,732,1029,1187
620: 1018,55,762,866,729,116,1178
621: 485,1166,171,245,169,1152
622: 53,59,255,263,1021,947,799
623: 905,651,1233,800
624: 815,610,577
625: 669,1236,1070,108,882
626: 216,719,144,673,240,950
627: 974,1079,91,180,1112,223
628: 84,720,1189,641,713
629: 699,747,582,170,27
630: 1044,315,1020,991,883
631: 941,1007,1152,709,1187
632: 767,517,1065,645,810,352,643
633: 742,28,48,504,459,706,109
634: 1018,204,686,1178,579,1101
635: 295,376,483,332,392
1194: 975,474,294,821,1002,485,743,818
637: 254,647,956,241,805,961
1232: 1048,1226
639: 1097,1230,355,834
640: 147,87,451,701,431,575
641: 540,1189,58,496,713,628
642: 742,48,603,745,416,468
643: 1124,24,568,517,632,352
644: 463,454,1125,1195,819,534
645: 1065,675,810,1047,146,632,352
646: 1158,932,170,582
647: 254,247,637,1231,386,241
648: 755,380,281,1027,391
649: 134,307,563,1127,690,803
650: 5,256,320,953
651: 1233,389,926,905,623
652: 541,961,229,830,186
653: 205,1227,8,590,948
1204: 548,712,57,816,98,396
655: 136,541,229,864
656: 829,97,418,536,659
657: 468,715,109,611,160,587
658: 479,887,1070,325,813,705
659: 744,1141,536,937,656,97
660: 890,1094,1116,403,1161,41
661: 789,210,1157,1171,931
662: 98,396,776,363,289,1237
663: 813,607,435,690,447,887
664: 781,262,409,177,486,248
665: 438,892,565,183,425
666: 1196,834,1230,685
667: 178,430,458,103,344,511
668: 154,306,415,367,895
669: 524,246,625,54,1236,108
670: 265,133,293
671: 339,227,36,1053,835,714
672: 560,1173,523,395,784
673: 912,744,626,719,240
674: 542,329,705,1054,21
675: 645,1031,466,1047,723,901,146
676: 395,919,1175,600,1158
677: 837,858,608,498,1214,375
678: 713,263,1021,84,257,249
679: 706,469,1203,25,219,385
680: 1146,211,604,1220,1025
681: 689,1154,1139,372,1064,1028
682: 884,841,1146,196,237,1216
683: 131,954,1183,36,227,843
684: 723,901,252,1103,1010,10,891,509
685: 360,40,834,1003,666
686: 204,297,1190,1018,634,579
1210: 439,312,917,30,126,727
688: 782,316,264,701,495,431
689: 681,1154,1028,595,83,268,47,944
690: 803,447,134,649,663,435
691: 1063,191,434,1191,923
692: 1112,770,1081,390,974,161
693: 614,92,292,1117,139
694: 993,345,1055,1209,68
695: 493,963,384,793,203,187
696: 451,938,550,1060,1034,87
697: 806,69,966,728,52,578
1188: 305,714,1131,133,293,385
699: 629,747,582,555
700: 815,147,575,452,780
701: 451,158,688,264,640,431
702: 361,913,304,351,526,354
703: 1137,580,244,432
704: 862,157,1039,286,359
705: 674,329,1054,325,658,479
706: 459,679,469,1203,633,28
707: 1182,1159,132
708: 415,367,886,787
709: 732,267,228,631,1007,1187
710: 121,948,1233,1149,800,929
711: 75,603,745,605,96,383
712: 548,1204,883,968,57,4
713: 759,263,678,58,641,628
714: 305,758,1188,339,671,1131
715: 657,468,416,576,587
716: 172,856,167,377,6
717: 414,208,1128,352,366,1065,1033,840,1124
718: 323,869,990,209,276
719: 216,626,726,885,744,673
720: 904,84,628,1189,198,131
721: 274,461,353,234,429
1184: 839,37,1119,1164,783,1151
723: 684,901,146,1010,675,45,840
724: 104,950,544,461,353,2
725: 983,804,140,343,1229,1073
726: 117,937,826,885,744,719
727: 31,464,1210,152,312,917
728: 243,52,129,697,168,578
729: 866,295,376,620,116
730: 1207,436,337,7,900
731: 1176,554,478,1048,1087
732: 267,709,1025,619,1187
733: 456,514,1075,164,1027
734: 613,69,1084,989,155
735: 339,227,843,564,236,758
736: 16,38,842,899,585,567
1183: 954,683,942,1017,844,36
738: 543,893,969,1088,1217,54
1227: 205,653,212,283,389
740: 128,336,1078,1128,1124,24,1001
741: 473,863,1237
742: 633,642,48,1050,504,603
743: 1033,45,1052,1194,474,294,1002
744: 659,673,726,937,719
745: 711,603,96,642,416,383
746: 563,183,425,581
747: 629,699,27,1220,555,884
748: 1104,966,1224,1009,437,914,234
1198: 1213,1199,1059,1108,417,1144
750: 871,530,562,114,972,875
751: 408,0,589,1164,119,597
752: 1091,113,111
753: 498,1214,348,86
754: 206,823,23,945,795,1049
755: 380,648,243,456
756: 346,1077,221,1148
757: 760,1019,1041,1051,1197
758: 305,714,236,735,339,476
759: 713,263,481,58,878,255
760: 757,1019,1050,1197,3,75
761: 513,70,119,266,341,878
762: 11,33,794,55,620,866
763: 947,957,847,799,1019,46
764: 1071,41,482,1105
765: 545,1001,618,208,1128,1012
1229: 269,846,1073,725,343,364
767: 517,632,573,508,810,224
768: 347,1024,433,618,192,439
769: 256,990,357,1000,209,998
770: 1112,692,1093,1092,115,390
771: 124,606,95,539
772: 976,855,907
773: 149,527,225,314,1209,345
774: 1180,1133,298,350,1075,1150
775: 346,1077,1062,877,176
776: 662,98,317,174,1234,289
777: 1101,174,60,1091
778: 1170,440,179,1219,260,357
779: 801,854,829,788,393
780: 132,452,815,700
781: 262,588,664,328,248
782: 688,316,264,980,1135,181
783: 266,381,1151,811,839,1184
784: 395,919,560,672,296,32
785: 881,852,369,282,979
786: 1185,1132,1110,333,118,99
787: 601,997,367,708
788: 829,97,779,1141,355
789: 661,210,571,925,34
790: 801,854,528,606,524,246
791: 1147,595,552,977,910,278,268
792: 205,354,304,411,590,874
793: 1225,384,469,219,963,695
794: 11,762,79,19,55
795: 1231,928,23,754,822
796: 967,199,195,924,845,1045
797: 864,77,1055
798: 388,460,91,1096,214,508
799: 847,622,1021,947,957,763
800: 929,1233,710,623
801: 790,854,779,124,606,829
802: 553,809,571,80,824
803: 690,447,1127,9,649,163
804: 983,725,925,292,34,1073
805: 271,956,125,637,961
806: 697,69,467,1104,966
807: 65,833,559,33,226,828
808: 907,1051,1197,855,915,488
809: 802,858,824,419,302
810: 645,1047,460,508,767,632
811: 173,839,1095,827,1037,783,381
1213: 1198,1059,436,1144,1020
813: 325,663,607,215,658,887
814: 67,1115,501,270,285,1099
815: 624,700,780
816: 57,204,1204,317,579,98
1233: 651,948,710,623,800
818: 1125,1195,1194,975,1002,1130
819: 1066,433,1125,644,347,534
820: 1084,1036,615,860,155
821: 1194,474,898,1010,891,485,171
822: 867,1049,1231,795,247
823: 206,754,584,909,1049
824: 538,419,809,802,80
825: 238,992,1003,888,242,310
826: 117,726,599,885
827: 1038,1037,1163,811,381,1106
828: 866,376,807,33,483,226
829: 656,788,97,124,418,801,779
830: 961,652,254,1140,186,314
831: 598,873,165,520,178,326
832: 356,398,49,1022,446
833: 807,65,559,181,981,316
834: 355,985,639,1003,685,666
835: 1053,1017,36,671
836: 309,899,86,498,251,375
837: 677,858,608,492,419,951
838: 863,213,363,926,283,389
839: 1184,37,1095,811,783
840: 1033,45,723,146,1065,414,208,717,366
841: 555,682,884,237
842: 736,16,309,899
843: 735,227,904,131,683,564
844: 1017,942,5,1183
845: 405,924,1005,175,967,796
846: 269,1229,1073,614,1173,518
847: 257,143,799,1021,763,46
848: 1186,515,943,1068,1126,175,405
849: 73,1107,1032
850: 862,248,328,282,412,369
851: 148,387,184,399
852: 881,785,546,193,327,323
853: 1148,101,1191
854: 801,790,779,246,393,612
855: 1174,976,772,808,907,1168,915
856: 172,716,167,325,215,217,329
857: 956,241,362,871,562,189
858: 677,837,419,302,375,809
859: 445,979,62,881
860: 105,155,820,615,506,453
861: 137,1211,494,37,512
862: 704,850,920,359,369
863: 838,363,926,741,473
864: 797,229,655
865: 513,481,1177,1026,53,897
866: 376,729,828,33,762,620
867: 1049,1100,822,247,936,149
1205: 374,574,47,1035,908,413
869: 994,718,276
1237: 289,662,741
871: 750,530,562,386,857,241
872: 1203,476,143,1006,236,85,15
873: 598,831,583,607,217,326
874: 18,590,184,411,379,792
875: 154,306,889,972,750,562
876: 1162,1180,1150,1172,201
877: 50,222,176,775,1062,51,303
878: 58,341,513,761,481,759
1222: 600,343,1221,364,197
880: 977,336,342,1001
881: 785,852,546,979,859,445
882: 934,108,250,1070,625,479
883: 712,630,315,968,57,991
884: 555,682,841,747,1220,1146
885: 599,122,726,826,216,719
886: 415,708,535,185
887: 658,447,410,1070,663,813
888: 63,242,985,825,1003
889: 503,1179,972,100,875
890: 660,1094,41,88,987,1105
891: 898,1010,10,509,684,171,821
892: 665,565
893: 543,738,1223,969
894: 141,500,1109
895: 189,949,367,668,601
1221: 1222,38,585,197,1215
897: 53,59,1045,865,924,1026
898: 10,891,509,516,169,171,821
899: 836,309,251,736,842,567
900: 315,1020,730,436,7,572
901: 723,684,146,1031,1103,675
902: 150,338,480,125,271,531
1203: 476,872,25,85,28,679,706
904: 84,720,131,249,564,843
905: 623,926,651,473
906: 335,1235,105,402,982,137
907: 808,1051,200,465,976,855,772
908: 79,19,940,374,574,1205,413
909: 823,584,507,1049,1100,1132
910: 253,152,977,791,278
1206: 
912: 673,1141,1097,240
913: 361,702,572,968,4,526
914: 234,429,475,20,1009,748
915: 487,441,488,1,855,808,1168
916: 938,158,1110,927,118
917: 980,30,1210,31,727
1180: 774,1156,1133,1150,876,1162
919: 395,676,784,1158,170,32
920: 1212,359,193,862,369
921: 39,93,190
922: 478,81,301
923: 1186,691,191,1191,1076
924: 405,845,1026,897,1045,796
925: 983,804,553,571,789,34
926: 863,838,651,389,473,905
927: 284,118,1135,158,916
928: 424,23,114,530,795
929: 800,710,1149,1165
930: 967,592,465,199,235,1113,200
931: 987,272,1171,661,210,1129
932: 646,1158,280,1175
933: 1097,1230,104,544,258
934: 882,250,479,1054,42
1211: 137,861,335,999,382,512
936: 149,527,867,1100,1185,1167
937: 117,477,726,536,659,744
938: 451,696,158,916,1110,550
939: 67,1115,1196,952,1133
940: 908,19,374,529,102,609
941: 631,1152,1166,996,1187,521
942: 334,953,5,954,1183,844
943: 959,1068,848,175,405,1026
944: 1035,417,689,1154,556,47
945: 23,965,462,206,754
946: 958,43,541,136
947: 957,763,59,622,1045,799
948: 121,710,653,8,1233
949: 189,895,76,480,362
950: 724,544,626,144,240,353
951: 538,419,492,988,290,837
952: 1196,258,350,939,1133
953: 334,942,998,256,650,5
954: 131,683,1183,334,942,198
955: 230,191,986,434,17,1038
956: 857,241,125,362,637,805
957: 1041,947,763,1045,195,799,1019
958: 946,43,531,291
959: 943,1068,1106,1163,1177,1026
1215: 66,280,1175,38,1221
961: 652,830,254,637,805
962: 1169,22,1117,1129,1109,1013
963: 493,166,695,219,793
964: 601,997,76,1193,1080
965: 424,23,945,29,1029,462
966: 1104,1224,748,806,697,52
967: 930,796,199,1005,845,1113
968: 315,913,572,712,883,4
969: 1088,893,738
970: 74,220,145,187,277
971: 525,73,233,24,568,1078
972: 232,114,100,889,875,750
973: 561,397,518,614,92,127
974: 627,91,180,1112,692,1081,1096,161
975: 1194,485,1004,1130,818
976: 1174,855,1043,772,235,200,907
977: 552,336,880,342,1147,791,253,910
978: 251,302,368,567,142
979: 94,282,62,881,785,859
980: 917,30,1135,31,782,181
981: 31,529,609,833,559,181
982: 494,61,402,906,137
983: 804,725,925,142,553,140
984: 1206,1088,528,95
985: 393,888,355,834
986: 955,470,17,401,1038,1037
987: 88,272,931,1171,890,1094
988: 566,6,162,290,538,951
989: 578,69,734,1235,155
990: 769,357,209,179,323,718
991: 57,204,297,630,1044,883
992: 238,825,310,1090,356,331
993: 345,1060,311,694,1034,68
994: 869,546,445
1197: 808,1051,760,757,605,488,75
996: 1029,462,1187,941,521
997: 601,787,964
998: 334,953,156,256,769,1000
999: 286,1074,382,1211,512
1000: 769,357,1219,1023,998,156
1001: 545,765,1128,128,336,880,342,740
1002: 1194,474,294,743,1052,818,1125
1003: 238,825,888,834,40,685
1004: 485,1166,975,521,1130
1005: 51,1126,175,845,1113,967
1006: 249,564,236,257,143,872
1007: 631,1152,420,407,561,709,228
1008: 139,159,207,22,427,1040
1009: 20,537,437,107,914,748
1010: 891,509,723,684,474,821,45
1011: 106,394,1123,532,1122,1116
1012: 1066,433,1052,208,765,618
1013: 292,34,210,962,1117,1129
1014: 56,224,1016,50,222,573
1015: 71,580,1057,180,244,223
1016: 214,508,547,222,176,573,1014
1017: 844,36,1183,835
1018: 1190,55,620,634,686,1178
1019: 760,757,1041,957,763,3,46
1020: 315,900,1213,436,630
1021: 263,678,622,257,847,799
1022: 501,49,360,40,832
1023: 540,1189,558,1000,156
1024: 347,194,768,439,593,126
1025: 732,267,604,296,680,211
1026: 405,924,943,959,865,1177,897
1027: 470,164,391,733,648
1028: 1147,595,525,1139,689,681
1029: 996,462,1187,619,29,965
1030: 1096,1046,1077,214,176
1031: 423,1103,202,466,901,675
1032: 372,1168,1107,1174,73,849,1139
1033: 743,45,840,1052,208,717,366
1034: 993,1060,311,696,147,87,610
1035: 1108,417,944,1205,47
1036: 820,1084,72,486,615
1037: 1038,827,173,401,811,986
1038: 827,1037,1163,230,955,986
1039: 157,506,177,704,248
1040: 427,1042,252,500,1008,207,10
1041: 957,592,195,1051,757,1019
1042: 1040,252,1134,500,423,1103
1043: 1174,976,50,235,1107,56
1044: 630,1144,188,991,297
1045: 59,897,924,796,195,947,957
1046: 1096,1030,161,1081,221,1077
1047: 466,388,460,645,675,810
1048: 1232,1226,478,731
1049: 867,1100,822,823,754,909
1050: 760,3,504,75,603,742
1051: 808,907,1197,592,465,1041,757
1052: 743,1033,1002,208,1012,1066
1053: 835,671,1131
1054: 674,542,705,479,934,42,288
1055: 186,1209,694,797,77,68
1056: 270,1142,1098,71,1057,1093
1057: 1015,71,580,1142,1056,551
1058: 495,431,575,452,1159,1121
1059: 1213,1198,1199,444,1207,436
1060: 993,345,1034,550,225,696
1061: 26,165,1155,471,273,598,583
1062: 346,775,89,51,1126,877
1063: 691,1172,201,1083,1191
1064: 372,1168,1,681,1154,448,64
1065: 645,146,632,840,717,352
1066: 1012,819,433,1052,1125
1067: 1142,285,551,49,1071,446
1068: 943,959,230,1163,1186,848
1069: 1162,457,201,115,1072,1083
1070: 1236,410,625,658,887,882
1071: 1161,41,764,446,1067,551,482,1105
1072: 115,1081,390,221,1069,1083,101
1073: 846,1229,804,725,292,614
1074: 286,999,1212,359,340
1075: 1150,1145,298,514,733,774
1076: 1148,1191,1186,923,515,89
1077: 346,756,775,221,1046,1030,176
1078: 336,740,24,525,971,1147
1079: 627,91,449,223,202,388
1080: 404,1193,964,76,150,322
1081: 390,1072,221,692,974,1046,161
1082: 416,383,444,1207,576
1083: 101,1191,1069,1063,201,1072
1084: 820,1036,72,319,613,734
1085: 192,439,545,342,253,312
1086: 1092,1098,1099,1156,1162,457
1087: 1181,554,731
1088: 984,969,528,738,524,54
1089: 337,7,160,587,442
1090: 1123,532,288,992,331
1091: 752,113,60,777
1092: 1098,1086,457,770,1093,115,390
1093: 1112,770,1056,1092,1098,71
1094: 660,890,1116,1122,1171,987
1095: 839,37,494,173,450,811
1096: 1046,1030,161,974,91,798,214
1097: 1230,639,240,933,912,544
1098: 1092,1086,1099,270,1056,1093
1099: 1098,1086,814,67,1156,270
1100: 867,1049,909,1185,1132,936
1101: 317,579,777,634,60,1178
1102: 141,432,1120,1137,1169,1109
1103: 1031,423,1042,252,684,901
1104: 966,748,437,1136,806,467
1105: 482,1120,1137,890,1071,41,764,88
1106: 959,827,1163,381,70,1177
1107: 233,56,1174,1043,73,849,1032
1108: 1035,417,1198,1153,1144
1109: 1169,962,22,141,1102,894,500,427
1110: 786,1185,118,1167,550,938,916
1111: 1155,471,438,565
1112: 770,692,1093,71,180,974,627
1113: 235,303,200,1005,51,930,967
1114: 1127,9,581,1223
1115: 814,939,360,1196,501
1116: 660,1094,1011,1123,403,1122
1117: 962,22,1013,693,139
1118: 153,1138,1136
1119: 340,589,1164,512,1184
1120: 1137,1105,88,272,1169,1102
1121: 378,226,65,495,1058,1159
1122: 182,1171,1011,1094,1116
1123: 532,1090,403,1011,331,1116
1124: 24,643,717,1128,352,740
1125: 818,1195,1002,819,1066,644
1126: 1005,51,175,848,515,1062,89
1127: 1114,9,581,563,649,803
1128: 208,717,1124,765,1001,740
1129: 1169,962,210,272,931,1013
1130: 616,510,1004,975,818,1195
1131: 133,1053,714,1188
1132: 786,1185,909,507,333,1100
1133: 1180,774,1156,952,350,939,67
1134: 141,500,449,519,1042,423
1135: 980,30,927,284,158,782,264
1136: 1138,437,1118,1104,467
1137: 482,1120,1105,703,580,244,432,1102
1138: 437,107,1136,1118
1139: 525,73,372,1032,1028,681
1140: 254,247,149,830,314
1141: 659,912,788,97
1142: 270,1067,285,1056,551,1057
1143: 291,338,322,505
1144: 1044,1108,1213,1198,1153
1145: 1075,1150,35,164,1172
1146: 680,211,1220,682,884,1216,1179
1147: 1028,595,791,525,552,977,336,1078
1148: 853,101,1191,1076,221,346,756,89
1149: 455,710,929,1165
1150: 1075,1145,1180,774,876,1172
1151: 119,783,266,1184,1164
1152: 631,941,1007,407,245,621,1166
1153: 188,413,1160,1108,1144
1154: 689,681,556,1064,448,944
1155: 1111,471,26,1061
1156: 1180,1133,67,1086,1099,1162
1157: 182,1171,80,661
1158: 646,932,170,1175,676,919
1159: 1058,452,378,1121,132,707
1160: 188,1153,413,79,1190
1161: 1071,41,446,403,398,660
1162: 1069,876,457,1180,1156,1086,201
1163: 1038,827,230,959,1068,1106
1164: 589,1119,1184,1151,751
1165: 1149,929
1166: 621,1004,941,1152,521
1167: 550,225,1185,1110,936,527
1168: 372,1032,1064,1174,855,915,1
1169: 962,1129,1109,272,1120,1102
1170: 440,778,1212,193,327
1171: 1122,1157,1094,661,987,931
1172: 1063,201,1150,1145,35,876
1173: 672,523,420,269,846,518
1174: 976,855,1043,1107,1168,1032
1175: 1215,280,1158,932,676