0: 408,751,597,558,496,540
1: 487,915,1064,1168,1154,448
2: 724,104,461,258,298,426
3: 504,15,143,46,760,1050
4: 617,526,968,913,548,712,213
5: 650,942,953,844
6: 988,566,290,172,716,377
7: 442,337,730,361,572
8: 18,590,1228,653,121
9: 1114,1127,543,1223,803,163
10: 509,891,1040,207,516,898,171
11: 33,762,529,609,940,19,559,981
1209: 186,314,1055,773,345,694
1214: 753,498,586,348,677,608
1235: 578,402,989,906,155,105
15: 3,504,143,872,28,85
16: 736,38,842,66
17: 470,164,986,1145,35,434
18: 8,590,184,1228,874
19: 940,908,79,11,762,794
20: 299,1009,122,549,475,914
21: 394,172,674,542,566
22: 123,159,1117,962,1109,139
23: 424,928,965,754,945,795
24: 568,643,1124,971,1078,740
25: 1203,476,305,758,679,385
26: 165,261,1061,1155
27: 604,1220,32,170,629,747
28: 1203,85,504,15,742,633,706
29: 484,619,1029,232,100,424
30: 980,917,284,727,126,1210
31: 152,529,464,917,727,181,981
32: 604,296,27,170,784,919
33: 11,762,866,807,559,828
34: 292,925,789,210,804
35: 1075,1145,17,691,1150,434
36: 227,671,683,1017,835
37: 783,1184,861,1211,512
38: 736,16,585,66,1215,1221
39: 921,190,259,148
40: 238,992,360,356,832
41: 1071,1161,660,890,482,1105
42: 288,1054,934,242,310
43: 271,531,541,946,958
44: 112,458,358,103
45: 743,1033,840,1010,723,684,474
46: 1006,143,763,847,760,3
47: 268,574,1205,689,1035,944
48: 742,633,642,459,657,468,109
49: 356,398,1022,832,446
50: 1014,1016,222,303,56,1043
51: 235,1113,1005,877,303
52: 966,1224,806,728,129,697
53: 897,622,481,1021,865,255
54: 669,524,738,1088,1217,1236
55: 762,866,794,686,1018,620
56: 976,1043,1014,50,1107,1174
57: 991,816,204,579,883,1204
58: 341,496,878,641,759,713
59: 924,796,897,622,947
60: 116,1178,113,1101,1091,777
61: 281,982,168,402,380
62: 1181,94,979,859
63: 393,612,888,242,250,825
64: 406,279,448,487,96,383
65: 807,833,316,495,226,1121
66: 1215,280,16,38
67: 270,1196,1115,1098,1099
68: 300,1055,993,311,694,77
69: 467,734,613,806,989,697
70: 513,761,1177,1106,381,266
71: 1015,1057,1056,1112,1093,180,627
72: 365,422,319,570,1036,486
73: 1107,971,233,1032,525,1139
74: 970,160,384,611,187
75: 760,757,1050,1197,605,603
76: 949,480,601,964,1080,150
77: 797,1055,300,68
78: 399,1228,455
79: 413,1190,908,19,794
80: 824,182,1157,571,802
81: 308,602,301,922
1231: 386,795,822,647,247
1167: 550,225,1185,1110,936,527
84: 904,720,628,263,678,249
85: 1203,476,28,872,15
86: 836,309,753,498
87: 147,640,610,451,696,1034
88: 987,931,272,1120,1105
89: 1005,1126,1186,515,1076
1218: 93,265,1244,493,166
91: 974,627,1081,161,1047,388,798
92: 614,693,139,127,973
93: 1218,1244,493,190,203,921
94: 282,979,412,554,1181,62
95: 606,771,984,528
96: 487,488,711,605,64,383
97: 355,985,788,639
98: 396,816,548,1204,317
99: 927,118,593,333,1024,194,786
100: 232,972,211,1179,484,29
101: 1191,1063,1072,1083,221,1148
102: 152,529,910,278,940,374
103: 358,586,458,44,667,511
104: 724,544,2,933,258
105: 906,453,155,860,335,1235
106: 394,566,162,1011,182
107: 1138,437,1118,537
108: 882,250,669,246,625,612
109: 1225,611,48,459,657
1196: 952,350,67,814
111: 392,295,113,752
112: 520,458,44,261
113: 60,116,295,729,111,752
114: 232,972,424,928,750,530
115: 1072,390,1069,457,770,692
116: 60,1178,113,1018,620,729
117: 477,726,937,826
118: 927,99,593,786,1110,916
119: 408,1164,266,761,341
1176: 554,731,588,328
121: 710,1240,653,8,1233,948
122: 599,885,549,20,216,475
123: 127,159,207,22,139,516
124: 606,771,418,539,801,829
125: 271,805,480,956,362,902
126: 30,284,1024,439,1210,593
127: 123,92,139,973,397,516
1238: 601,997,787,964,367
129: 243,728,52,1224,274,557
1217: 163,1236,410,543,738,54
131: 954,683,198,904,720,843
132: 780,452,1159,707
133: 670,1131,1188,293
134: 307,273,649,435,690,583
135: 421,570,308
136: 655,541,946
137: 861,1211,494,906,335,982
138: 418,539,536,477
139: 92,693,1117,962,127,123,22
140: 368,197,142,983,725,343
141: 432,500,1102
142: 368,140,978,553,983
143: 1006,46,872,3,15
144: 216,626,475,429,950,353
145: 190,400,203,187,970,277
146: 675,645,810,723,901,840,1065
147: 640,87,610,1034,575,700
148: 851,39,259,387
149: 936,527,773,867,247,1140
150: 902,338,322,76,480,1080
1182: 707,378,332
152: 31,529,464,102,910,312,727
153: 1136,365,319,613
154: 306,875,1239,889,503
155: 105,860,734,820,989,1235
156: 334,998,198,1000,1189,1023
157: 1039,704,286,359
158: 451,938,916,701,1135,264
159: 123,207,22,1109,427,1008
160: 74,220,611,442,587
161: 1081,1046,974,91,1030,798
162: 988,566,106,538,182
163: 1217,410,9,543,803,1243
164: 470,17,733,755,648,1145
165: 26,261,1061,598,831,520
166: 493,963,1241,670,1218,265
167: 716,856,377,217,430,326
168: 578,402,243,728,380,61
169: 397,898,171,561,407,621,245
170: 1158,919,629,27,32
171: 169,898,10,891,621,1004
172: 716,329,674,566,6,21
173: 827,1037,401,811,1095
174: 317,1101,776,1234,777
175: 1126,848,515,943,405,845
176: 222,877,775,1077,214,1030,1096
177: 409,486,615,664,506
178: 430,667,326,831,520,458
179: 327,323,718,778,990
180: 1079,223,1015,71,1112,974,627,388
181: 833,981,917,31,782,316
182: 1157,162,106,80,1122
183: 892,665,746,425
184: 18,387,874,851,399
185: 196,535,503,415,886,1239
186: 314,1055,1209,229,830
187: 145,203,384,695,970,74
188: 1153,1044,1190,297,991
189: 895,949,306,562,857,362
190: 145,400,203,93,39,921,259
191: 230,955,434,691,923,1163
192: 439,1210,618,253,312,727
193: 852,1212,920,1170,327
194: 347,1024,534,454,333,99
195: 799,763,1045,592,947,957
196: 535,185,237,682,503,1216
197: 585,368,140,1222,1221,343
198: 334,156,1189,720,131,954
199: 930,1045,796,967,235,1113
200: 976,1043,235,930,1019,1041
201: 876,1162,1133,1172,1150,1069,1083
202: 1031,423,449,1079,466,388
203: 145,190,187,493,695,93
204: 57,991,816,579,634,297
205: 792,653,354,212,590,1227
206: 823,584,945,616,510,462,463
207: 123,159,1008,516,10,1040
208: 1128,717,1033,1066,1052,765
209: 256,990,769,718,320,276
210: 789,661,1129,292,1013,34
211: 1146,680,1179,484,1025,100
212: 205,354,617,526,283,1227
213: 363,283,548,4,617,396
214: 1096,176,222,508,573,1016
215: 325,663,813,607,217,856
216: 626,719,144,475,122,885
217: 607,215,873,326,856,167
1212: 920,359,1074,193,1170
219: 1241,385,679,469,793,963
220: 970,160,442,318,351
221: 1081,1046,1072,390,101,346,1148
222: 176,877,775,303,214,50,1016
223: 449,1079,180,1015,519,244
224: 1014,1016,517,573,568,233
225: 1167,550,527,345,1060
226: 378,483,1121,807,65,828
227: 735,339,671,843,36,683
228: 267,560,420,1007,709
229: 652,186,655,864
230: 191,955,1038,1037,848,1163,959
1234: 777,174,289
232: 114,972,100,29,424
233: 1107,73,971,1014,224,568
234: 914,429,966,1224,748,721
235: 51,1113,877,303,930,199,200,1043
236: 249,564,872,735,476
237: 196,535,682,841
238: 825,992,40,888,834,360
1177: 865,513,70,1106,959,1026
240: 950,544,673,626,912
241: 857,956,871,386,647,637
242: 934,250,63,42,825,310
243: 728,129,557,168,380
244: 432,519,1137,1015,580,223
245: 621,169,407
246: 669,524,790,854,108,612
247: 647,1140,1231,822,867,149
248: 704,850,781,664,328
249: 564,236,904,84,678
250: 934,242,882,108,63,612
251: 302,978,375,836,899,567
252: 509,1040,1042,1103,684
253: 910,977,1085,192,618
254: 647,637,1140,961,830
255: 759,263,257,53,481,1021
256: 769,209,320,953,998,650
257: 263,255,1021,1006,678
258: 298,350,104,2,952,933
259: 379,387,190,400,39,148
260: 1170,440,778,589,597,1219
261: 26,165,112,520
262: 781,588,664,421,602,409
263: 759,713,257,255,84,628,678
264: 688,782,1135,980,158,701
265: 1218,670,166
266: 381,1151,1164,119,761,70
267: 732,228,560,296,709,1025
268: 574,791,47,1028,1147,595,689
269: 846,1229,364,1173,523
270: 67,814,1022,1098,1003
271: 43,531,805,125,902
272: 88,931,1129,1120,1169,1102
273: 134,307,471,438,1061,583
274: 461,721,557,1224,129
1191: 101,1063,1068,1186,1076,1148
276: 320,718,869,209
277: 379,970,145,400,318,411
278: 574,791,910,977,102,374
279: 64,406,1082,383,1059,444
280: 66,1215,1175,932
281: 61,380,648,391,450
282: 94,979,412,369,850,785
283: 213,838,617,212,389,1227
284: 980,30,126,927,593,1135
285: 1142,1067,1022,1071,446
286: 999,382,1074,157,359
1190: 79,1160,188,297,794,686
288: 42,1054,542,1090,1123,532
289: 1237,662,776,1234
290: 988,6,377,344,492,951
291: 1143,338,531,958
292: 1013,34,1117,210,804,1073
293: 1241,385,1188,133,670
1170: 440,778,260,1212,193,327
295: 376,729,635,113,392,111
296: 604,32,784,560,267
297: 634,686,1190,188,991,204
298: 258,350,2,514,774,1027
299: 20,1009,537,549
300: 577,68,311,77
301: 81,602,478,922,588
302: 251,978,375,858,809
303: 222,877,235,51,50,1043
304: 318,411,351,702,792,354
305: 714,758,25,1188,385
306: 154,668,1239,562,189,895
307: 134,273,649,563,425,438
308: 81,602,135,421
309: 836,899,86,842
310: 825,992,1090,242,42
311: 993,1034,610,300,577,68
312: 192,727,152
1228: 8,18,78,1240
314: 186,1209,1140,773,830
315: 968,900,630,883,712
316: 688,782,65,833,181,495
317: 174,1101,816,579,98,776
318: 304,411,351,220,277
319: 365,72,153,1084,1036
320: 276,256,209,650
1193: 404,1192,997
322: 150,338,404,1080,505,1143
323: 179,327,718,852,546,869,994
1179: 1146,211,889,1216,100
325: 813,215,658,856,329,705
326: 178,430,831,873,217,167
327: 179,323,852,193,1170
328: 781,1176,850,248,412
329: 172,716,856,325,674,705
1186: 515,1191,1068,1076,89
331: 356,398,1090,1123,403
332: 392,635,1182
333: 507,454,194,786,1132,99
334: 942,953,998,156,198,954
335: 906,453,105,137,1211,382
336: 342,1078,740,1085,1147,977,791
337: 7,576,1089,730,1207
338: 150,902,322,531,1143,291
339: 735,227,671,714,758
340: 589,1119,512,1074,440
341: 58,496,878,408,119,761
342: 740,336,1085
343: 1229,197,140,725,364,1222
344: 511,492,430,667,377,290
345: 1060,694,527,773,225,1209
346: 1076,1062,1148,1046,221,1077
347: 1024,194,534,768,433,819
348: 358,586,753,1214
1178: 60,116,634,1018,579,1101
350: 258,298,952,1196,774
351: 318,304,442,220,361,702
352: 1128,717,1065,632,643,1124
353: 461,721,144,429,724,950
354: 792,205,212,702,304,526
355: 985,97,834,1230,639,685
356: 331,49,992,40,1090,832
357: 990,769,1000,778,1219
358: 103,586,348,44
359: 1212,920,157,862,286,1074
360: 685,939,834,238,40
361: 702,913,572,442,7,351
362: 857,956,189,949,480,125
363: 863,213,838,662,396
364: 600,1222,269,1229,343,523
365: 422,72,319,153
1169: 962,1109,1102,272,1129,1013
367: 415,708,668,601,787,1238,895
368: 585,567,197,140,142,978
369: 282,850,862,920,785
1225: 384,611,793,109,459,469
1207: 730,436,1020,1059,576,337
372: 681,1139,1064
1199: 406,448,1154,556,1198
374: 940,908,278,574,1205,102
375: 251,302,498,677,858,836
376: 620,295,729,828,635,866,483
377: 716,167,430,344,6,290
378: 483,226,1121,1159,1182
379: 277,259,387,874,400,411
380: 755,648,243,168,281,61
381: 1151,266,811,827,1106,70
382: 286,999,453,335,1039,1211
383: 1082,416,96,711,64,279
384: 1225,611,793,695,74,187
385: 219,1241,293,25,305,1188,679
386: 1231,795,871,530,241,647
387: 259,379,851,148,184
388: 466,1047,1079,180,974,627,91,202
389: 651,1227,948,838,926,283
390: 115,1072,770,692,1081,221
391: 401,1095,450,648,281,470
392: 332,111,295,635
393: 63,612,888,854,779,985
394: 21,106,542,532,1011
395: 676,784,919,600,672,523
396: 662,98,776,548,213,363
397: 516,169,898,127,973,561
398: 331,49,403,1161,446
399: 78,851,184
400: 145,190,277,259,379
401: 391,1095,470,986,173,1037
402: 168,578,1235,906,982,61
403: 1123,331,398,660,1116
404: 1193,1080,1192,322,505,472
405: 924,845,943,1026,175
406: 64,279,1199,448,1198,444
407: 631,561,1007,169,1152,621,245
408: 751,1164,0,119,341,496
409: 177,486,421,570,262,664
410: 163,1217,1236,1243,887
411: 318,304,277,379,874,792
412: 94,282,328,554,850
413: 79,1160,1205,1035,908
1239: 154,668,306,185,503,415
415: 367,708,886,185,668,1239
416: 1082,383,715,711,745,468
417: 1035,944,1198,1108,1160
418: 539,138,536,124,656,829
419: 824,538,951,837,858,809
420: 560,672,1173,518,1007,228
421: 135,570,308,602,409,262
422: 365,72,570
423: 1031,1103,202,449,1042,1134
424: 928,23,965,29,232,114
425: 563,746,665,183,438,307
426: 456,514,2,461,557
427: 1008,1134,1109,519,500,159
1226: 478,1232
429: 914,234,144,475,353,721
430: 178,667,326,167,377,344
431: 1058,575,495,701,688,640
432: 141,519,244,500,1120,1137,1102
433: 819,1066,1012,347,534,768
434: 191,955,35,17,986,691
435: 134,690,583,663,607
436: 730,1207,1020,900,630
437: 1138,107,1009,537,748,1104
438: 1111,471,665,425,307,273
439: 192,1210,618,1012,1024,768,126
440: 1170,260,340,589
1242: 673,1141,912,639
442: 7,220,160,361,351
1189: 540,1023,641,156,198,720,628
444: 1213,1198,406,279,1059,1020
445: 859,881,546,994
446: 1071,1161,398,49,285
447: 690,1243,663,813,887
448: 64,406,1199,1,487,1154
449: 1079,223,519,1134,423,202
450: 391,1095,839,281,494
451: 696,938,158,701,640,87
452: 1058,575,1159,700,780,132
453: 105,860,335,506,1039,382
454: 507,463,333,644,194,534
455: 1149,78,1240
456: 733,514,426,557,755
457: 1162,1156,1092,770,115,1069
458: 112,520,44,178,667,103
459: 706,469,633,48,1225,109
460: 810,1047,798,1096,645,767,508
461: 274,353,721,724,2,426
462: 616,996,965,206,945
463: 507,454,644,510,1195,206,584
464: 31,152,529
465: 1051,1041,808
466: 810,1047,388,1031,202,675
467: 613,69,1138,1136,806,1104
468: 657,745,48,642,416,715
469: 459,679,706,219,1225,793
470: 164,17,986,648,391,401
471: 1155,1111,438,273,1061
472: 505,404,1192
473: 741,863,926,905
474: 1194,821,1010,743,45
475: 216,144,122,20,914,429
476: 1203,25,85,236,872,758
477: 117,937,138,536
478: 1226,922,301,731
479: 658,1070,934,882,705,1054
480: 949,76,362,150,902,125
481: 53,865,513,878,759,255
482: 1137,1105,1071,41,580,551
483: 378,226,376,828,635
484: 619,29,1025,211,100
485: 975,821,1004
486: 409,177,615,72,570,1036
487: 1,915,96,488,64,448
488: 487,915,96,1197,808,605
1236: 1217,410,669,625,54
1216: 503,682,1146,1179,196
1224: 52,966,234,274,721,129
492: 344,511,290,837,608,951
493: 963,166,695,93,1218,203
494: 137,861,982,450,839
495: 1058,431,688,316,65,1121
496: 58,341,408,0,540,641
1181: 1087,554,94,62
498: 753,1214,677,836,86,375
1187: 996,1029,941,732,631,709,619
500: 141,432,519,1109,1102,427,1134
501: 1022,832,939,814
1219: 597,558,778,260,357
503: 889,1216,196,185,154,1239
504: 3,15,1050,28,742
505: 472,404,1192,322,1143
506: 1039,177,615,453,860
507: 463,454,333,644,584,909,1132
508: 517,573,460,214,1096,632,767
509: 1010,10,891,252,1040,684
510: 616,1130,1195,206,584,463
511: 344,492,667,103,586,608
512: 340,1119,999,1074,37
513: 865,761,70,1177,878,481
514: 733,456,426,298,1027
515: 1186,848,175,1126,89
516: 397,898,127,123,207,10
517: 508,573,632,767,224,568,643
518: 973,561,1007,614,1173,420
519: 432,244,500,449,223,427,1134
520: 112,458,165,261,831,178
521: 616,1130,1152,1166,996,941
1195: 818,1125,510,1130,463,644
523: 672,1173,600,364,269,395
524: 669,246,54,1088,528,790
525: 1028,1147,73,971,1078,1139
526: 4,617,702,913,354,212
527: 936,149,773,1167,225,345
528: 984,1088,606,95,524,790
529: 31,152,609,464,102,940,981,11
530: 750,871,114,928,386,795
531: 43,271,902,338,291,958
532: 1123,1011,542,288,394
1220: 604,27,747,884,680
534: 347,194,1125,433,819,454,644
535: 196,185,237,886
536: 418,138,477,937,656,659
537: 299,1009,437,107
538: 824,419,951,988,162
539: 418,138,124,771
540: 1189,1023,641,0,558,496
541: 652,43,946,136
542: 674,288,1054,21,394,532
543: 893,738,1223,9,163,1217
544: 104,950,240,1097,912,933
545: 765,1001,1012,1085,618
546: 881,852,445,323,994
1175: 1215,280,1158,932,676
548: 712,1204,4,98,396,213
549: 599,122,20,299
550: 1167,225,1110,696,938,1060
551: 580,1057,1071,1067,482,1137
1244: 93,1218,921
553: 571,802,925,142,983
554: 1176,1087,1181,94,412
555: 884,841,699,747
556: 689,681,1154,1199,944
557: 274,243,129,456,426
558: 597,1219,0,540,1023
559: 807,833,981,11,33
560: 672,420,784,296,267,228
561: 973,518,1007,397,169,407
562: 750,871,306,875,189,857
563: 746,581,425,1127,307,649
564: 249,236,904,735,843
565: 892,665,1111
566: 988,6,162,172,21,106
567: 585,368,899,251,978,736
568: 24,643,517,573,224,971,233
1192: 1193,404,505,472
570: 135,421,422,72,409,486
571: 553,802,925,80,789
572: 361,913,730,7,968,900
573: 508,517,214,767,1016,224,568
574: 278,268,1205,791,47,374
575: 1058,431,452,147,640,700
576: 1082,1059,715,1089,1207,337
577: 300,311,610,624
578: 168,402,989,1235,697,728
579: 57,816,204,634,1178,317,1101
580: 1015,1057,551,482,1137,244
581: 563,746,1114,1127
582: 629,699,646
583: 598,873,134,273,435,1061
584: 206,823,909,510,507,463
585: 368,567,197,736,38,1221
586: 358,103,348,511,1214,608
587: 657,1089,611,160
588: 781,262,602,301,1176
589: 340,1119,440,260,751,597
590: 8,18,874,792,205,653
1230: 1097,639,355,685,666
592: 1045,195,1019,1051,957
593: 927,99,118,1024,284,126
1185: 786,1132,1110,1100,936,1167
595: 1028,1147,268
1223: 543,893,9
597: 1219,558,589,260,751,0
598: 831,873,583,165,1061
599: 122,885,826,549
600: 364,1222,395,676,523
601: 1238,964,367,895,949,76
602: 81,308,301,421,262,588
603: 711,605,745,75,1050,642
604: 296,27,1220,32,680
605: 711,603,1197,75,96,488
606: 124,95,771,528,801,790
607: 663,215,217,435,873
608: 677,837,586,511,492,1214
609: 529,981,11
610: 147,87,311,1034,577,624
611: 1225,384,109,657,587,74,160
612: 393,63,246,854,250,108
613: 467,734,69,1136,153,1084
614: 92,693,846,1173,973,518
615: 177,486,1036,860,506
616: 521,510,1130,462,996,206
617: 4,526,212,213,283
618: 192,439,545,1012,1085,768,253
619: 484,29,732,1029,1187
620: 376,729,55,866,1018,116
621: 1152,1166,245,169,171,407,1004
622: 53,897,1021,59,947,799
623: 905,651,1233,800
624: 815,610,577
625: 669,1236,1070,882,108
626: 216,719,144,673,950,240
627: 974,91,71,1112,1079,180,388
628: 84,720,1189,641,713,263
629: 699,747,582,170,27
630: 315,900,436,1144,1044,883
631: 407,709,1007,1152,941,1187
632: 645,767,508,517,352,1065,643
633: 742,48,642,28,459,706
634: 297,686,1018,204,579,1178
635: 295,376,483,332,392
1194: 975,474,821,743,818,1002
637: 254,647,956,241,805,961
1232: 1048,1226
639: 1097,1230,912,1242,355,97
640: 147,87,451,701,431,575
641: 540,1189,58,496,713,628
642: 742,633,48,603,745,468
643: 568,24,1124,632,517,352
644: 507,463,454,1125,1195,534
645: 675,632,146,767,810,460,1065
646: 1158,932,582
647: 254,247,637,1231,386,241
648: 755,380,281,470,164,391
649: 134,307,563,1127,690,803
650: 5,256,320,953
651: 1233,389,948,926,905,623
652: 541,961,229,830
653: 205,8,590,1227,948,121
1204: 548,712,883,57,816,98
655: 136,229,864
656: 829,788,1141,418,536,659
657: 468,1089,48,715,611,109,587
658: 479,1070,887,325,813,705
659: 744,536,937,656,1141
660: 890,1094,1116,403,1161,41
661: 789,210,1157,1171,931,1129
662: 396,776,363,289,1237
663: 813,607,215,435,690,447
664: 781,262,409,177,248
665: 565,892,183,425,438
666: 1230,685,939
667: 178,430,458,103,344,511
668: 306,1239,415,367,895
669: 524,246,625,54,1236,108
670: 133,1241,293,166,265
671: 339,227,36,1053,835,714
672: 560,1173,523,420,395,784
673: 744,1242,626,719,912,240
674: 542,705,172,329,1054,21
675: 645,146,1031,466,810,901
676: 395,919,1175,600,1158
677: 837,858,608,498,1214,375
678: 1006,263,257,84,249
679: 706,469,1203,25,219,385
680: 1146,211,604,1220,1025
681: 689,1154,556,372,1139,1064,1028
682: 884,841,1146,196,237,1216
683: 131,954,1183,227,843,36
684: 723,901,1103,509,1010,252,45
685: 360,939,355,834,1230,666
686: 634,297,794,1018,1190,55
1210: 192,439,30,727,126
688: 782,316,264,701,431,495
689: 681,556,1028,268,47,944
690: 803,447,1243,134,649,435,663
691: 923,1172,1150,35,191,434
692: 1112,770,115,390,974,1081
693: 614,92,139,1117,846,1073
694: 993,345,1060,1055,1209,68
695: 493,963,384,793,203,187
696: 451,938,550,1060,1034,87
697: 578,989,52,806,69,728
1188: 1131,305,714,385,293,133
699: 629,747,582,555
700: 815,147,575,452,780
701: 451,158,688,264,640,431
702: 361,913,304,351,526,354
1241: 219,385,293,670,963,166
704: 862,248,157
705: 674,325,658,479,329,1054
706: 459,679,469,1203,28,633
707: 1182,1159,132
708: 415,367,886,787
709: 631,1007,732,267,228,1187
710: 121,1240,1233,1149,800,929
711: 605,603,745,96,416,383
712: 548,1204,883,315,968,4
713: 759,263,58,641,628
714: 305,339,671,1053,1131,1188
715: 1082,416,576,657,468,1089
716: 172,856,167,377,329,6
717: 352,1128,208,1065,1033,840
718: 179,323,869,990,209,276
719: 216,626,726,885,673,744
720: 904,84,628,1189,198,131
721: 274,461,353,234,429,1224
1184: 783,37,1119,1151,1164
723: 684,901,146,45,840
724: 104,950,2,461,353
725: 983,804,140,1229,343,1073
726: 117,937,885,826,744,719
727: 917,30,192,1210,312,31,152
728: 243,129,52,168,578,697
729: 620,295,376,116,113
730: 1207,436,7,337,900,572
731: 1176,478,1048
732: 267,709,619,1025,1187
733: 456,514,755,1027,1145,164
734: 613,69,820,1084,989,155
735: 339,227,843,564,236,758
736: 16,38,842,899,585,567
1183: 954,683,942,1017,844
738: 543,893,969,1088,1217,54
1227: 389,948,205,653,212,283
740: 342,1078,336,1085,24,1124,1001
741: 473,863,1237
742: 633,48,642,1050,504,28
743: 1033,45,1194,474,1052,1002
744: 659,673,726,937,1141,719
745: 711,603,642,416,468
746: 563,581,425,183
747: 629,699,27,1220,555,884
748: 966,1104,1009,437,914,234
1198: 1213,1108,444,406,1199,417
750: 871,530,562,114,972,875
751: 408,1164,0,589,1119,597
752: 1091,113,111
753: 498,1214,348,86
754: 23,823,945,795,822,1049
755: 380,648,733,456,164
1174: 1168,1032,56,976,855,1107
757: 760,75,957,763,1051,1197
758: 305,735,339,476,25
759: 713,263,255,58,878,481
760: 757,75,957,1050,763,46,3
761: 513,70,266,119,341,878
762: 11,33,55,866,19,794
763: 799,195,847,46,760,757,957
1168: 1064,1032,1174,855,1,915
765: 545,1001,1012,1128,208,1066
1229: 269,846,343,1073,725,364
767: 645,632,810,460,508,517,573
768: 347,1024,433,1012,439,618
769: 256,990,357,1000,209,998
770: 1112,692,1093,1092,457,115,390
771: 124,606,95,539
1240: 121,710,1228,455,1149
773: 149,527,1140,314,1209,345
774: 1180,298,350,1027
775: 176,222,877,1077,1062
776: 662,396,317,174,289
777: 1234,60,174,1101,1091
778: 1170,260,179,1219,990,357
779: 801,854,829,788,393
780: 132,452,815,700
781: 262,588,664,328,248
782: 688,316,264,980,917,181
783: 1184,37,811,839,1151
784: 395,919,560,672,296,32
785: 881,852,282,979,369
786: 1185,1132,1110,333,99,118
787: 1238,367,708
788: 656,829,1141,779,97
789: 661,210,571,925,34
790: 801,854,528,606,524,246
791: 278,268,574,336,1147,977
792: 205,354,304,411,874,590
793: 1225,384,469,219,963,695
794: 686,19,79,1190,762,55
795: 1231,386,822,928,23,754,530
796: 924,845,967,59,1045,199,947
797: 864,77,1055
798: 1030,1096,91,161,810,1047,460
799: 195,763,847,622,1021,947
800: 929,1233,710,623
801: 790,854,779,124,606,829
802: 553,809,571,925,824,80
803: 690,1243,1127,9,649,163
804: 983,725,925,292,34,1073
805: 271,125,956,637,961
806: 52,966,1104,467,69,697
807: 65,833,559,33,226,828
808: 907,1051,1197,465,1041,855,915,488
809: 802,858,824,419,302
810: 466,1047,460,798,675,645,146,767
811: 1095,839,783,827,173,381,1151
1213: 1198,1108,444,1020,1144
813: 325,663,215,447,658,887
814: 270,939,1196,501
815: 624,700,780
816: 57,204,579,1204,317,98
1233: 651,948,121,710,623,800
818: 1125,1195,1194,975,1130,1002
819: 433,1066,1052,1002,1125,347,534
820: 1084,1036,734,155,860
821: 1194,975,474,485,1004,1010,891
822: 1231,795,754,867,1049,247
823: 206,584,909,945,754,1049
824: 538,419,80,809,802
825: 238,992,310,242,63,888
826: 599,885,117,726
827: 1038,173,1106,1037,811,381
828: 376,807,33,866,483,226
829: 656,788,124,418,801,779
830: 961,652,254,1140,186,314
831: 598,873,165,520,178,326
832: 501,40,356,49
833: 807,65,559,181,981,316
834: 355,985,888,238,360,685
835: 1053,1017,671,36
836: 309,899,86,498,251,375
837: 677,858,608,492,419,951
838: 863,363,926,283,389
839: 811,1095,450,494,783
840: 1033,45,723,901,146,717,1065
841: 555,682,884,237
842: 736,16,309,899
843: 735,227,904,131,683,564
844: 1017,942,5,1183
845: 405,924,796,967,175,1126
846: 269,1229,1073,614,693
847: 799,763,1021,1006,46
848: 1163,515,230,943,959,175
1173: 672,523,420,269,614,518
850: 862,248,328,282,412,369
851: 148,387,184,399
852: 881,785,546,193,327,323
1172: 691,923,1150,201,1083,1063
854: 801,790,779,246,393,612
855: 976,907,1041,808,1168,1174,915
856: 716,167,329,325,215,217
857: 956,241,362,871,562,189
858: 677,837,419,302,375,809
859: 445,979,62,881
860: 453,155,105,820,615,506
861: 137,1211,494,37
862: 704,850,369,920,359
863: 838,363,926,741,473
864: 797,229,655
865: 513,1177,1026,53,897,481
866: 33,762,55,620,376,828
867: 1049,1100,822,247,936,149
1205: 574,47,1035,908,374,413
869: 994,323,718,276
1237: 289,662,741
871: 750,530,562,386,857,241
872: 236,143,15,476,85
873: 598,831,583,607,217,326
874: 379,411,792,18,590,184
875: 154,889,972,750,562
876: 201,1133,1180,1075,1150
877: 176,222,775,303,1062,1005,235,51
878: 58,341,513,761,481,759
1222: 600,364,1221,197,343
1243: 690,803,447,163,410
881: 785,852,546,979,859,445
882: 934,250,108,625,479,1070
883: 1044,315,630,57,991,712,1204
884: 555,682,841,747,1220,1146
885: 599,122,826,726,216,719
886: 415,708,535,185
887: 658,1070,447,410,813
888: 393,63,985,834,238,825
889: 503,1179,972,154,875
890: 660,1094,1161,41,987,1105
891: 509,1010,10,171,821,1004
892: 565,665,183
893: 543,738,1223,969
1171: 1094,1122,1157,661,987,931
895: 189,949,367,668,306,601
1221: 1222,38,585,197,1215
897: 53,622,1026,865,924,59
898: 397,516,169,171,10
899: 836,309,251,736,842,567
900: 315,968,630,730,436,572
901: 723,684,1031,1103,675,146,840
902: 150,338,480,271,531,125
1203: 476,28,25,85,679,706
904: 84,720,131,249,564,843
905: 623,926,651,473
906: 105,335,402,1235,982,137
907: 1041,808,855
908: 940,19,374,1205,79,413
909: 823,584,507,1049,1100,1132
910: 253,977,278,152,102
1206: 
912: 1097,639,673,1242,544,240
913: 361,702,572,968,4,526
914: 234,429,20,1009,475,748
915: 1,487,488,855,808,1168
916: 938,158,1110,927,118,1135
917: 980,30,727,31,782,181
1180: 774,1115,1075,1027,876,1133
919: 395,676,784,1158,170,32
920: 1212,359,862,369,193
921: 39,93,1244,190
922: 478,81,301
923: 691,1172,191,1063,1068,1163
924: 405,845,796,59,1026,897
925: 553,571,802,789,983,804,34
926: 863,838,651,389,473,905
927: 99,118,593,1135,284,916
928: 424,23,114,530,795
929: 800,710,1149,1165
930: 1045,199,235,200,1019
931: 88,987,272,1129,1171,661
932: 646,1158,280,1175
933: 952,1097,104,544,258
934: 242,882,250,479,42,1054
1211: 137,861,335,999,382,37
936: 149,527,867,1100,1185,1167
937: 117,477,726,536,659,744
938: 451,696,158,916,1110,550
939: 360,685,666,501,814
940: 908,19,374,529,102,11
941: 996,1187,631,1152,521
942: 334,953,5,954,1183,844
943: 959,1026,848,175,405
944: 1035,417,689,556,47
945: 206,823,462,23,965,754
946: 958,43,541,136
947: 1045,796,59,622,799,195
948: 651,1233,389,1227,653,121
949: 189,895,76,480,601,362
950: 724,544,240,626,144,353
951: 538,419,492,988,290,837
952: 933,1196,258,350
953: 334,942,998,256,650,5
954: 131,683,1183,334,942,198
955: 230,191,434,986,1037
956: 857,241,362,637,805,125
957: 760,757,592,195,763,1051
958: 946,43,531,291
959: 943,230,1038,1106,848,1177
1215: 66,280,1175,38,1221
961: 652,830,254,637,805
962: 1169,1109,1013,1117,139,22
963: 493,166,695,219,1241,793
964: 601,997,1238,76,1080
965: 424,23,996,1029,462,945
966: 52,1224,748,806,1104,234
967: 845,796,1126,1113,199
968: 315,900,913,572,712,4
969: 1088,893,738
970: 74,220,145,187,277
971: 73,233,568,24,1078,525
972: 232,114,100,889,875,750
973: 561,518,614,92,127,397
974: 627,91,1112,692,180,1081,161,388
975: 1194,485,821,1004,1166,1130,818
976: 56,200,1043,855,1041,1174
977: 253,910,336,1085,278,791
978: 251,302,368,567,142
979: 94,282,62,881,785,859
980: 917,30,284,1135,782,264
981: 833,559,181,31,529,609,11
982: 61,402,906,137,494
983: 804,725,553,925,140,142
984: 1206,1088,528,95
985: 355,97,834,393,888
986: 470,17,401,955,434,1037
987: 88,931,890,1094,1171,1105
988: 566,6,162,290,538,951
989: 578,1235,697,734,69,155
990: 769,357,209,778,179,718
991: 57,204,1044,188,883,297
992: 238,825,40,310,1090,356
993: 1060,311,694,1034,68
994: 869,546,445,323
1197: 1051,808,757,75,488,605
996: 1029,941,1187,521,616,462,965
997: 1238,964,1193
998: 334,953,156,256,769,1000
999: 286,382,1211,512
1000: 769,357,1023,998,156
1001: 545,765,1128,1124,740,1085
1002: 819,1052,1194,743,818,1125
1003: 1086,1098,1022,270,1142
1004: 975,485,821,171,891,621,1166
1005: 1126,89,1076,1062,877,51,1113
1006: 143,46,678,257,847
1007: 561,518,420,228,631,407,709
1008: 427,1042,1134,159,207,1040
1009: 20,299,537,437,914,748
1010: 509,891,684,474,821,45
1011: 532,106,394,1122,1116
1012: 545,765,433,1066,768,439,618
1013: 292,1117,210,1129,1169,962
1014: 50,1016,224,56,1107,233
1015: 71,580,1057,244,223,180
1016: 1014,50,224,214,222,573
1017: 844,1183,36,835
1018: 634,686,55,620,116,1178
1019: 1051,1041,930,1045,592,200
1020: 1207,436,1059,1213,444
1021: 53,622,257,255,799,847
1022: 501,49,270,285,1142,1003
1023: 540,1189,558,1000,156
1024: 347,194,768,439,99,593,126
1025: 484,732,267,680,211
1026: 943,865,1177,405,924,897
1027: 1075,1145,298,733,514,1180,774
1028: 1147,595,525,689,681,1139,268
1029: 996,1187,619,29,965
1030: 798,1096,1046,161,1077,176
1031: 423,1103,202,466,901,675
1032: 1064,1168,1174,1107,73,1139
1033: 743,45,840,717,208,1052
1034: 993,1060,311,696,147,87,610
1035: 944,417,1205,47,1160,413
1036: 820,1084,72,319,486,615
1037: 1038,827,173,986,401,230,955
1038: 827,1106,1037,230,959
1039: 157,506,453,382
1040: 509,10,252,207,1008,1042
1041: 1019,907,1051,465,808,976,200,855
1042: 1008,1134,423,1103,252,1040
1043: 56,976,200,303,235,50
1044: 1153,1144,188,883,630,991
1045: 930,592,199,947,796,195,1019
1046: 1081,161,221,1077,346,1030
1047: 466,810,388,460,91,798
1048: 1232,731,1087
1049: 867,1100,754,823,909,822
1050: 760,75,3,504,603,742
1051: 1019,1197,465,1041,808,592,757,957
1052: 819,1066,1002,743,1033,208
1053: 835,671,714,1131
1054: 42,288,479,934,674,542,705
1055: 186,1209,694,797,77,68
1056: 71,1057,1142,1067,1086,1092,1093
1057: 1015,71,580,1056,551,1067
1058: 431,575,495,452,1159,1121
1059: 1082,576,279,444,1207,1020
1060: 993,345,694,1034,550,225,696
1061: 26,165,1155,471,273,598,583
1062: 346,1076,1077,1005,877,775
1063: 1191,101,1068,923,1172,1083
1064: 1168,1032,1,681,1154,372,1139
1065: 352,717,645,632,146,840
1066: 433,819,1052,208,765,1012
1067: 285,1142,1071,1057,1056,551
1068: 1191,1063,923,1186,1163
1069: 115,1072,1083,457,1162,201
1070: 658,479,887,625,882
1071: 1161,41,446,285,1067,482,551
1072: 115,390,1069,1083,101,221
1073: 846,1229,804,725,292,693
1074: 286,1212,359,340,512
1075: 1027,1145,35,1180,876,1150
1076: 346,1062,1148,1191,1186,1005,89
1077: 1046,346,1062,1030,176,775
1078: 740,336,24,971,1147,525
1079: 449,223,180,627,202,388
1080: 404,964,76,150,322
1081: 1046,161,221,692,390,974,91
1082: 416,383,1059,576,715,279
1083: 1072,1069,201,1172,101,1063
1084: 820,1036,319,734,613
1085: 342,740,336,545,1001,618,253,977
1086: 1156,1098,1003,1092,1142,1056
1087: 1181,1048,554
1088: 984,969,528,738,524,54
1089: 657,576,715,337,587
1090: 992,310,288,1123,356,331
1091: 752,60,777
1092: 1086,1156,457,1056,770,1093
1093: 1112,770,1092,71,1056
1094: 660,890,1122,1116,1171,987
1095: 391,401,811,450,839,173
1096: 214,1030,798,460,176,508
1097: 1230,912,639,544,933
1098: 1086,1156,1003,67,270,1099
1099: 1162,1133,67,1115,1156,1098
1100: 867,1049,909,1185,1132,936
1101: 317,174,579,60,1178,777
1102: 1169,1109,272,1120,141,432,500
1103: 1031,423,1042,252,684,901
1104: 966,748,806,1138,437,467
1105: 482,1120,1137,890,41,88,987
1106: 1038,827,381,959,70,1177
1107: 73,233,1014,56,1032,1174
1108: 1213,1198,417,1160,1153,1144
1109: 1169,962,1102,500,159,22,427
1110: 786,1185,118,1167,550,938,916
1111: 1155,471,438,565
1112: 770,692,1093,71,180,974,627
1113: 235,51,1005,1126,967,199
1114: 1127,9,581
1115: 1180,67,1133,1099
1116: 660,1094,1122,1123,403,1011
1117: 292,1013,962,693,139,22
1118: 1138,107,1136
1119: 340,589,512,1184,751,1164
1120: 1137,1105,88,272,1102,432
1121: 378,226,65,1058,495,1159
1122: 1094,1116,1171,1011,182
1123: 532,403,288,1090,331,1116
1124: 24,643,352,1128,1001,740
1125: 818,1195,819,1002,644,534
1126: 1005,175,89,515,845,967,1113
1127: 1114,9,563,581,649,803
1128: 352,717,208,1124,765,1001
1129: 931,272,661,210,1013,1169
1130: 521,616,510,1166,975,818,1195
1131: 1188,1053,714,133
1132: 786,1185,909,507,333,1100
1133: 876,1162,201,1099,1180,1115
1134: 427,1008,1042,519,500,449,423
1135: 927,980,284,158,916,264
1136: 153,1138,1118,467,613
1137: 482,1120,1105,580,551,432,244
1138: 437,107,1118,1136,1104,467
1139: 681,372,73,1064,1032,1028,525
1140: 254,247,149,773,830,314
1141: 656,788,659,744,1242
1142: 285,1067,1022,1086,1003,1056
1143: 291,338,322,505
1144: 1153,1044,1213,1108,630
1145: 1075,1027,35,733,164,17
1146: 680,211,1179,682,884,1216
1147: 1028,595,525,1078,336,268,791
1148: 346,1076,1191,101,221
1149: 455,710,1240,929,1165
1150: 691,1172,1075,35,876,201
1151: 381,266,811,783,1184,1164
1152: 621,1166,631,407,941,521
1153: 1144,1044,188,1108,1160
1154: 681,556,1064,1,1199,448
1155: 1111,471,26,1061
1156: 1086,1098,1092,457,1162,1099
1157: 182,80,1171,661
1158: 646,932,170,1175,676,919
1159: 1058,452,378,1121,132,707
1160: 413,1190,1035,417,1108,1153
1161: 1071,41,446,398,660,890
1162: 457,201,1133,1099,1156,1069
1163: 848,923,230,191,1068
1164: 408,751,119,1184,1119,1151,266
1165: 1149,929
1166: 1152,621,975,1004,521,1130