0: 408,751,597,558,496,540
1: 915,487,1064,1168,1154,448
2: 724,104,461,298,426
3: 504,15,1050,46,760,763
4: 617,526,968,913,548,712
5: 650,953,942,844
6: 988,566,377,290,172,716
7: 442,587,730,361,572
8: 1267,590,653,121,1228
9: 1114,1127,543,1223,803,163
10: 621,407,1040,171,509,1152,1166
11: 33,762,529,19,807,981
1209: 186,314,773,1055,149,694
1214: 753,498,348,586,677,608
1235: 578,402,989,906,155,982
15: 3,504,143,46,85,872
16: 736,38,842,66
17: 470,164,1180,434,986
1256: 1170,440,1074,1212,193,340
19: 940,908,794,529,79,11,762
20: 299,1009,122,549,475,914
21: 106,394,542,674,566,172
22: 427,1109,1013,1117,127,962
23: 945,928,1262,754,795
24: 971,740,224,643,1124,568
25: 305,1248,758,1203,476,679
26: 165,1061,1263,261
27: 604,32,1220,170,629,747
28: 633,706,504,1203,85,742
29: 484,619,100,1029,232,424
30: 126,917,284,439,618,727
31: 152,529,727,917,981,181
32: 604,27,170,919,784,629
33: 11,762,55,807,828,866
34: 789,661,571,925,292,210
35: 876,456,514,733,164
36: 227,671,683,1017,835
37: 783,811,861,512
38: 736,16,585,66,1215,1221
39: 921,190,259,148
40: 238,992,360,356,1123,832
41: 446,890,1161,1122,285,1171
42: 934,1054,310,1116,288
43: 271,531,541,946,958
44: 358,103,112,458
45: 840,723,1010,1004,474,1194,1033
46: 143,847,763,3,15
47: 268,1205,689,556,1035,944
48: 742,642,468,633,657,1089,459
49: 1142,285,1090,501,270,446
50: 1046,222,56,1043,1014,1107
51: 89,515,1005
52: 806,966,1224,728,129,697
53: 897,622,1021,255,865,481
54: 669,524,738,1088,1251,1217
55: 33,762,686,1018,866,620
56: 976,200,1043,1174,50,1107
57: 204,883,579,816,991,1204
58: 341,496,878,641,540,713
59: 799,195,957,622,1021,796,924
60: 113,174,1101,752,777
61: 281,982,450,1258,402,380
62: 1181,94,979,859
63: 393,612,888,242,825,250
64: 448,279,487,1082,383,1059
65: 833,316,495,226,1121
66: 1215,280,16,38
67: 1246,774,1097,350,1145,1027
68: 300,311,1055,993,694,77
69: 467,613,734,806,697,989
70: 119,266,381,513,1177
71: 1057,580,1093,1112,1015,974
72: 422,1266,1084,319
73: 1014,1016,233,1139,1032,1107
74: 1249,160,1225,384,109,187
75: 760,757,1197,605,603
76: 949,480,964,1080,150
77: 797,1055,300,68
78: 399,1267,1228,455
79: 188,413,1190,908,19,794
80: 182,1259,1253,661,571
81: 308,602,301,922
1231: 386,795,822,647,247
1167: 936,527,867,1100,1185,225
84: 904,628,263,678,249,564
85: 1203,476,872,504,15,28
86: 836,309,753,498
87: 147,640,610,451,696,1034
88: 987,272,1129,789,661,1169
89: 1151,515,51,1113,405,235,1005
1218: 1244,265,493,166
91: 1081,1148,221,1068,810,1096
1255: 1101,634,579,1091
93: 145,190,493,203,1244,921
94: 282,979,412,554,62,1181
95: 606,771,528,984
96: 915,488,487,711,605,383
97: 355,985,1141,788,639
98: 396,213,816,548,1204,317
99: 118,593,786,333,1110,916
100: 484,29,211,1179,232,972
101: 1093,1069,1112,1083,1063
1250: 705,658,1070,479,1054
103: 358,586,44,458,511,667
104: 724,544,2,933,258
105: 906,155,1260
106: 21,394,566,162,182,1011
107: 1138,437,1118,537
108: 669,246,625,250,882,612
109: 1225,459,657,611,160,74
1196: 691,1180,1145,1027,1086
111: 752,113,392,295
112: 520,458,261,44
113: 60,116,1091,295,752,111
114: 232,972,875,928,1262,750
115: 457,1067,692,1056,1069
116: 113,1091,620,729,295
117: 477,726,937,826
118: 99,593,927,158,916
119: 70,266,408,1164,513,761,341
1176: 328,301,478,731,588,1087
121: 1240,1228,653,8,1252
122: 599,885,549,20,216,475
1257: 785,852,369,920,193,327
124: 606,771,418,539,801,829
125: 271,805,480,956,362,902
126: 30,284,927,439,1135
127: 962,159,207,427,22,139,1117
1238: 601,964,787,997
129: 243,728,1224,52,274,557
1217: 1251,410,163,543,738,54
131: 954,683,843,198,904,720
132: 780,452,1159,707
133: 1131,1188,293,670
134: 307,273,690,649,583,435
135: 486,570,421,308
136: 655,541,946
137: 861,1211,906,335,982,1258
138: 418,539,536,477
139: 693,1117,127,207,973,397
140: 585,368,725,142,197,343
1247: 1136,153,365
142: 983,725,978,553,368,140
143: 1006,46,678,249,15,872
144: 216,626,475,429,950,353
145: 190,400,93,970,187,203
146: 1031,901,645,675,723,1065
147: 640,87,610,575,624,700
148: 851,39,259,387
149: 936,527,1140,314,773,1209
150: 322,338,902,76,480,1080
1182: 707,378,483,1159
152: 31,529,727,278,1210,940
153: 1136,1247,365,613,319
154: 668,306,1239,503,875,562
155: 906,105,1260,734,820,989,1235
156: 334,198,998,1000,1189,1023
157: 506,664,453,704,286,382
158: 938,916,701,118,927,264
159: 127,207,1134,427,519,449
160: 1249,74,611,109,442,587
161: 1081,1148,1076,798,1062
162: 538,988,566,106,182
163: 1217,410,9,543,803,1243
164: 470,17,648,733,35
165: 26,1061,598,520,261,831
166: 493,695,1241,963,265,1218
167: 716,856,217,430,326,377
168: 578,402,243,728,380
1160: 1198,1108,1153,1044,1144
170: 646,1158,919,629,32,27
171: 1040,397,518,407,10
172: 566,6,329,716,674,21
173: 811,839,827,381
174: 1101,776,60,1234,777
175: 923,1126,943,959,848,1113
176: 1030,798,214,508,632,517,573
177: 704,248,862,850,1039,664
178: 430,326,831,520,458,667
179: 327,323,718,778,990
180: 432,519,223,1079,449,202
181: 833,981,917,31,782,316
182: 80,1259,106,538,162,1253
183: 892,665,746,425
184: 387
185: 196,535,415,886,1239
186: 314,1209,1055,229
187: 145,970,384,203,1249,74
188: 1178,413,1190,79,1153,1144
189: 895,949,306,857,362
190: 145,400,93,39,921,259
191: 923,691,434,955,1038,1022
192: 253,1210,1085,1078,545,618
193: 1212,920,1257,1170,1256,327
194: 347,1024,507,534,333,593
195: 799,957,59,796,847,763
196: 535,185,237,682,1216
197: 364,1222,1221,140,343
198: 334,156,1189,720,131,954
199: 1045,796,930,924,235,967
200: 56,976,1043,1019,303,1051
201: 221,1068,1133,1115,1150,1186
202: 423,388,180,627,223,1079
203: 493,695,384,145,93,187
204: 57,579,1178,991,297,634
205: 792,653,354,212,948,1227
206: 823,584,463,462,510,945
207: 127,159,1134,139,1040,397
208: 840,717,1128,1002,1033,765
209: 256,990,769,718,320,276
210: 292,1073,1013,789,34,1169
211: 1146,680,1179,1025,484,100
212: 617,526,205,354,283,1227
213: 396,98,548,617,283,363
214: 508,810,767,1081,176,798
215: 663,813,607,856,325,217
216: 626,719,144,475,122,885
217: 856,167,873,215,607,326
1212: 920,359,193,1074,1256
219: 385,963,679,706,469,793
220: 1249,442,318,351
221: 201,1068,1133,1063,1072,1096,91
222: 1046,50,1076,877,1062,1043
223: 627,1015,244,432,180,202
224: 573,643,1077,1016,24,568
225: 1060,550,1185,1110,527,1167
226: 378,1121,807,65,833,828
227: 735,339,671,36,683,843
228: 560,672,420,1007,267
229: 652,186,655,864
230: 986,955,1037,1095,923,848
1234: 777,174,776,289
232: 114,972,29,100,1262,424
233: 73,1016,1139,525,1028,568
234: 914,429,966,1224,748,721
235: 405,967,89,1005,1045,199,930
236: 249,564,735,476,872,758
237: 196,535,682,841
238: 40,992,888,825,834,360
1177: 865,513,1106,70,959,1026
240: 912,673,1242,626,950,544
241: 857,956,871,386,647,637
242: 63,825,250,934,310
243: 728,129,557,168,380
244: 432,482,1137,580,1015,223
1166: 1004,975,509,821,621,10,1130
246: 669,524,108,790,854,612
247: 647,1140,1231,867,936
248: 177,850,781,1039,328,412
249: 564,236,84,143,678,872
250: 882,108,63,612,242,934
251: 302,978,375,836,899,567
252: 684,1042,1103
253: 278,1210,192,1078,574,1147
254: 647,637,1140,961,830
255: 53,1021,481,878,759,257
256: 769,209,320,953,998,650
257: 759,263,1021,255,799,1006
258: 1261,298,104,350
259: 379,387,190,400,39,148
260: 597,1219,1170,440,778,357
261: 112,520,26,165
262: 781,588,421,602,409
263: 759,713,257,84,628,1006,678
264: 688,782,284,927,158,701
265: 670,1241,166,1218
266: 70,119,381,783,1164
267: 732,296,1025,560,228
268: 47,574,1205,1147,689,525
269: 846,1229,343,364,523,1173
270: 814,501,770,1142,49,1067
271: 43,531,805,125,902
272: 88,987,1120,1169,1109,1102
273: 134,307,438,471,583
274: 461,557,721,1224,129
1191: 1005,303,1163,515,346,877
276: 320,718,869,209
277: 379,400,970,318,411
278: 253,1210,574,374,152,940
279: 64,406,448,1059,444
280: 66,1215,1175,932
281: 61,450,755,380,648,391
282: 94,979,412,850,785,369
283: 838,363,617,212,213,1227
284: 126,917,30,927,782,264
285: 1071,1142,49,446,41,1161
286: 999,382,1074,157,704,359
1190: 188,1178,79,794,686,297
288: 532,1116,42,1054,542
289: 1237,776,1245,1234
290: 988,6,377,344,492,951
291: 1143,338,531,958
292: 210,1073,925,34,983,804
293: 1241,385,305,1188,133,670
1170: 440,1256,193,778,260
295: 392,635,729,116,113,111
296: 267,1025,784,560,604
297: 686,1018,634,1178,1190,204
298: 258,2,426,514,774,350
299: 20,1009,537,549
300: 68,311,77,577
301: 81,602,478,922,588,1176
302: 251,978,375,858,809
303: 1005,1019,1191,877,200,1043
304: 318,411,351,702,792,354
305: 1248,25,1188,679,385,293
306: 154,668,562,189,895
307: 134,273,438,563,425,649
308: 81,602,135,421
309: 836,899,86,842
310: 992,242,825,42,934
311: 300,68,993,610,624,577
1249: 160,220,74,442,970,187
1228: 121,1240,8,1267,78,455
314: 186,1209,1140,149,830
315: 968,900,1213,883,712
316: 688,782,495,65,833,181
317: 1101,776,816,98
318: 304,411,351,220,277
319: 820,1084,153,72,613,734
320: 276,256,209,650
1193: 404,505,1192,472
322: 150,338,1080,505,1143
323: 179,327,718,546,869,994
1179: 1146,211,100,1216
325: 329,856,215,813,658,705
326: 178,430,831,873,167,217
327: 179,323,193,852,1257
328: 1176,554,781,588,248,412
329: 716,856,325,674,705,172
1186: 346,201,1068,1163,1150,1148
331: 398,1123,1094,1116,660
332: 392,483,635
333: 786,1132,507,194,99,593
334: 198,953,998,156,942,954
335: 906,1260,453,137,1211,382
1267: 8,78,399,1228
337: 587,715,576,611,1089,1207
338: 150,322,902,531,1143,291
339: 735,227,671,1248,758,714
340: 589,1119,512,1074,440,1256
341: 58,496,878,119,408,513,481
1163: 1150,1172,515,346,1186,1191
343: 269,1229,140,725,197,364
344: 511,492,667,430,377,290
345: 993,1034,694,1060,773
346: 1076,877,1186,1163,1191
347: 768,1024,194,819,433,534
348: 753,1214,358,586
1178: 188,1190,991,1144,297,204
350: 67,1246,774,258,1261,298
351: 318,304,442,220,361,702
352: 632,717,1128,517,573,643,1124
353: 461,721,144,429,724,950
354: 792,205,702,304,526,212
355: 985,97,834,1230,639,685
356: 1090,1123,40,832,501
357: 990,769,1000,778,1219,260
358: 103,586,44,348
359: 1212,920,704,862,286,1074
360: 685,939,834,238,40,832
361: 702,913,572,7,351
362: 857,956,189,949,480,125
363: 863,283,838,662,396,213
364: 197,1222,269,343,600,523
365: 422,153,1247
1169: 1109,789,88,272,210,1013
367: 415,708,668,601,787,895
368: 585,567,140,978,142
369: 785,1257,862,850,282,920
1225: 384,109,459,469,793,74
1207: 1020,436,730,576,337
1245: 662,396,776,289,1237
1199: 681,1154,556,406,944,417
374: 574,1205,278,940,908
375: 251,302,498,677,858,836
376: 635,729,828,866,483
377: 6,290,430,716,167,344
378: 483,226,1121,1159,1182
379: 277,259,387,874,400,411
380: 755,243,168,281,61
381: 70,266,173,827
382: 286,999,335,157,453,1211
383: 1082,416,96,487,711,64
384: 1225,203,695,793,74,187
385: 219,1241,293,963,305,679
386: 1231,795,871,530,241,647
387: 259,379,874,148,851,184
388: 466,423,202,627,1047,460
389: 651,948,1227,1252,838,926
1258: 982,61,450,137,861,494
391: 401,839,281,450,648
392: 332,295,635,111
393: 63,612,888,854,779
394: 21,106,542,532,1011
395: 600,919,784,560,672,523
396: 662,1245,213,98,363
397: 1040,171,139,207,518,973
398: 331,1090,660,446,890
399: 78,851,1267
400: 145,190,970,277,259,379
401: 391,839,470,1037,827
402: 578,1235,168,982,61
403: 1157,660,1094,532,1011
404: 1193,1080,997
405: 235,845,967,943,89,1113
406: 448,279,1199,1154,417,444,1198
407: 1007,518,171,631,1152,10
408: 751,0,1164,119,341,496
409: 1036,615,486,421,262
410: 1251,1217,1236,163,1243,447,887
411: 318,304,277,379,874,792,590
412: 94,282,554,328,248,850
413: 188,79,1205,1035,1153,908
1239: 154,668,185,503,415
415: 367,708,886,185,668,1239
416: 1082,383,715,711,745,468,1089
417: 1035,944,1153,1199,406,1198
418: 539,138,536,124,829,656
419: 824,538,951,837,858
420: 1007,518,973,614,228,1173
421: 135,486,308,602,409,262
422: 365,72,1266,570
423: 466,202,388,627,1079,1031,1103
424: 1262,29,1029,965,232
425: 563,746,665,183,307,438
426: 456,514,2,461,298
427: 1109,22,519,500,127,159
1226: 478,731,1232,1048
429: 914,234,144,475,721,353
430: 178,326,167,344,667,377
431: 688,495,451,701,640,1058
432: 244,519,500,1102,180,1137,223
433: 1002,819,743,1052,347,768
434: 691,1180,17,986,955,191
435: 583,134,690,663,607
436: 1020,1207,730,1108,900,1213
437: 1138,107,1009,537,1104,748
438: 307,273,665,563,425,1111,471
439: 1012,545,618,1135,126,30
440: 1170,1256,340,589,597,260
1242: 673,240,912,639
442: 7,587,1249,160,220,351
1189: 641,1023,198,156,720
444: 1198,1108,406,279,1059,1020
445: 859,881,546,994
446: 890,41,398,1090,49,285
447: 1243,410,663,813,887
448: 64,406,279,1,487,1154
449: 1079,1042,519,180,159,1134
450: 281,61,1258,391,839,494
451: 696,938,701,431,640,87
452: 1058,575,1159,700,780,132
453: 157,506,335,1260,860,382
454: 507,534,909,644,1195,584,463
455: 78,1240,1228
456: 426,514,557,733,35
457: 115,1067,692,770,1097,1092
458: 112,520,178,103,44,667
459: 1225,109,48,633,469,657
460: 810,767,1096,1047,466,388,675
461: 274,721,353,724,2,426
462: 616,510,996,965,945,206
463: 206,584,510,1195,454,644
1165: 1149,929
1248: 305,758,714,25,1188,339
466: 423,388,460,767,1031,675
467: 69,613,1136,806,1104
468: 48,642,745,416,1089
469: 633,706,219,1225,459,793
470: 164,17,648,401,986,1037
471: 1155,1111,273,438,1061,1263
472: 1192,1193,505,1143
473: 741,863,926,905
474: 1004,1010,45
475: 216,144,122,20,914,429
476: 1203,85,872,236,758,25
477: 117,937,138,536
478: 1226,922,731,301,1176
479: 882,1070,1250,934
480: 949,76,362,150,902,125
481: 865,513,341,878,53,255
482: 1105,1137,1161,551,580,244
483: 378,635,376,1182,332
484: 619,29,100,1025,211
1161: 41,1071,285,482,1105,551
486: 135,570,421,1266,1036,409
487: 1,915,96,64,448,383
488: 808,915,96,1197,605
1236: 1251,410,625,887,1070
1216: 503,682,1179,196
1224: 966,52,234,274,721,129
492: 344,511,290,837,608,951
493: 203,166,695,1244,1218,93
494: 811,450,1258,861,839
495: 688,316,431,65,1058,1121
496: 58,341,408,0,540
1181: 62,1087,94
498: 753,1214,677,836,86,375
1187: 631,941,732,619,1029
500: 432,519,1102,427,1109
501: 814,832,270,356,1090,49
1219: 597,558,260,357,1000,1023
503: 889,1216,154,1239
504: 3,15,1050,85,742,28
505: 1193,1080,322,472,1143
506: 157,664,453,1265,615,860
507: 534,454,909,194,1132,333
508: 214,645,675,767,176,798,632,517
509: 1040,821,1008,10,1166
510: 462,616,1195,206,463
511: 344,492,667,103,586,608
512: 340,1119,999,1074,37
513: 865,481,761,1177,70,119,341
514: 426,456,298,774,876,35
515: 89,1151,51,1163,1172,1005,1191
1265: 820,1084,1036,860,506
517: 352,632,645,508,176,573,643
518: 420,1007,973,407,614,171,397
519: 432,500,180,427,159,449
520: 112,458,261,165,178,831
521: 621,1130,941,1152,616
1195: 818,1125,510,463,454,644
523: 672,1173,364,269,395,600
524: 669,246,54,1088,528,790
525: 689,1028,568,233,971,268,1147
526: 4,617,212,702,913,354
527: 936,149,1167,225,1060,773
528: 606,95,984,1088,524,790
529: 31,152,940,19,981,11
530: 750,871,928,386,795
531: 43,271,338,902,291,958
532: 1094,288,394,542,1011,403
1220: 604,27,747,884,1146,680
534: 507,454,644,819,347,194
535: 196,185,237,886
536: 418,138,477,937,656,659
537: 299,1009,437,107
538: 824,419,951,162,1253,988,182
539: 418,138,124,771
540: 641,1023,0,558,58,496
541: 652,43,946,136,655
542: 21,394,674,1054,532,288
543: 893,738,1223,9,1217,163
544: 724,104,950,240,912,933
545: 1012,439,618,1066,1085,192
546: 881,852,445,323,994
1175: 1215,280,1222,1158,932,676
548: 712,1204,4,617,213,98
549: 599,122,20,299
550: 225,1060,1110,696,938,916
551: 1057,580,1161,1071,482,1105
1244: 1218,493,93,921
553: 809,925,802,978,983,142
554: 328,1087,94,412
555: 884,841,699,747
556: 1199,681,689,1028,47,944
557: 274,243,129,456
558: 597,1219,0,1023,540
1251: 1217,1236,410,669,54,625
560: 672,228,395,784,267,296
1266: 422,72,486,570
562: 750,871,875,154,306
563: 746,581,425,1127,307,438,649
564: 249,236,904,84,843,735
565: 892,665,1155,1111
566: 988,6,172,21,106,162
567: 585,368,899,251,978,736
568: 525,224,1016,233,971,24
1192: 472,1193
570: 135,486,422,1266
571: 661,34,1253,80,925,802
572: 361,913,730,7,968,900
573: 224,643,1077,176,1030,352,517
574: 268,1205,374,1147,253,278
575: 1058,452,147,640,700
576: 1082,1059,715,1020,1207,337
577: 815,624,300,311
578: 697,402,989,1235,168,728
579: 57,204,816,634,1101,1255
580: 551,1057,71,482,244,1015
581: 563,746,1114,1127
582: 629,699,646
583: 598,435,134,273,1061,607
584: 206,823,463,454,909,1049
585: 368,567,140,736,38,1221
586: 358,103,511,1214,348,608
587: 442,7,337,611,160
588: 781,262,602,301,1176,328
589: 340,1119,440,751,597
590: 8,411,874,792,653
1230: 912,639,355,685,666,1264
592: 757,1197,947,957,1041
593: 1135,99,118,1024,194,333
1185: 786,1132,1110,1100,1167,225
1246: 67,1097,350,1261,1254
1223: 543,893,1114,9
597: 1219,558,260,589,440,751,0
598: 583,873,165,1061,831
599: 122,885,826,549
600: 395,676,919,364,523
601: 964,787,1238,367,895
602: 81,308,301,421,262,588
603: 711,605,745,75,1050,642
604: 32,27,1220,784,296,680
605: 711,603,75,1197,96,488
606: 124,95,771,528,801,790
607: 215,663,583,873,435,217
608: 677,837,586,511,492,1214
1164: 408,751,783,1119,119,266
610: 147,87,993,1034,311,624
611: 657,1089,109,337,587,160
612: 393,63,246,108,854,250
613: 467,69,734,153,319
614: 693,846,1173,420,518,973
615: 1036,409,1039,506
616: 462,510,941,521,1130,996
617: 4,526,212,548,213,283
618: 545,439,1210,192,30,727
619: 484,29,732,1025,1187,1029
620: 116,1091,55,1018,729,866
621: 521,10,1130,1152,1166
622: 53,897,1021,845,967,924,59
623: 905,651,1233,800
624: 815,700,577,147,610,311
625: 669,108,1251,1236,1070,882
626: 216,719,144,673,240,950
627: 1015,223,1047,974,423,202,388
628: 904,84,720,713,263
629: 699,747,582,170,32,27
1261: 258,952,1254,1246,350
631: 709,941,1187,1152,1007,407,732
632: 352,717,517,645,508,176,1065
633: 706,469,28,742,48,459
634: 297,1018,204,579,1091,1255
635: 729,376,483,332,392,295
1194: 1004,975,45,818,1125,743,1033
637: 254,647,956,241,805,961
1232: 1048,1226
639: 1230,912,1242,355,97
640: 147,87,451,431,1058,575
641: 1189,540,58,713
642: 742,48,468,1050,603,745
643: 224,573,1124,352,517,24
644: 534,454,1125,1195,819,463
645: 508,675,767,146,1065,632,717,517
646: 1158,932,170,582
647: 254,247,637,1231,386,241
648: 470,164,755,733,281,391
649: 690,803,563,1127,134,307
650: 5,256,320,953
651: 389,1252,926,1233,905,623
652: 541,961,229,830
653: 205,8,590,948,1252,121
1204: 548,712,57,883,816,98
655: 136,541,229,864
656: 1141,829,418,536,659
657: 611,1089,48,109,459
658: 887,1070,813,325,705,1250
659: 744,536,937,1141,656
660: 1157,1122,403,1094,331,398,890
661: 789,571,34,80,88,1129
662: 1245,396,863,363,1237,741
663: 215,813,607,690,447,435
664: 157,506,1039,704,177
665: 565,892,183,425,1111,438
666: 952,1264,1230,685,939
667: 344,511,458,178,430,103
668: 154,306,1239,415,367,895
669: 524,246,54,625,108,1251
670: 265,133,1241,293
671: 339,227,36,1053,835,714
672: 560,523,228,1173,395
673: 744,1242,626,719,240
674: 705,329,1054,172,21,542
675: 645,508,466,460,767,146,1031
676: 600,919,1175,1222,1158
677: 837,858,608,498,1214,375
678: 1006,143,263,84,249
679: 706,1203,305,25,219,385
680: 1146,211,604,1220,1025
681: 1199,1154,556,1064,1139,1028
682: 884,841,1146,196,237,1216
683: 131,954,843,1183,227,36
684: 821,1008,252,1010,1042,901,1103
685: 360,939,355,834,1230,666
686: 297,1018,794,1190,762,55
1210: 253,278,192,618,152,727
688: 782,316,264,431,495,701
689: 525,1028,556,47,268
690: 803,1243,649,134,435,663
691: 434,1196,1086,1022,191
692: 115,457,1092,1156,1069,1162
693: 139,614,1117,846,973
694: 993,345,773,1209,1055,68
695: 493,203,166,793,963,384
696: 451,938,550,1034,87
697: 578,989,806,52,69,728
1188: 305,1248,714,1131,133,293
699: 629,747,582,555
700: 815,624,147,452,575,780
701: 451,938,158,688,264,431
702: 361,913,304,351,526,354
1241: 385,293,963,670,265,166
704: 862,177,157,664,286,359
705: 674,1250,658,329,325
706: 633,679,469,28,1203,219
707: 1182,1159,132
708: 415,367,886,787
709: 631
710: 1240,1233,1149,800,929
711: 605,603,745,96,416,383
712: 548,1204,315,968,883,4
713: 759,263,58,878,641,628
714: 1248,1188,339,671,1053,1131
715: 1082,416,576,1089,337
716: 329,856,167,6,377,172
717: 352,632,1128,645,840,208,1065
718: 179,323,869,990,209,276
719: 216,626,726,885,673,744
720: 904,628,1189,198,131
721: 274,461,353,234,429,1224
1184: 1038,1075,1126,1172,1151
723: 840,45,1065,1010,146,901
724: 104,950,544,2,461,353
725: 983,804,142,140,1229,343
726: 117,937,885,826,744,719
727: 31,152,618,1210,917,30
728: 243,129,52,697,578,168
729: 635,376,866,116,620,295
730: 1207,436,7,900,572
731: 1226,478,1048,1176,1087
732: 267,1025,631,1187,619
733: 755,456,35,164,648
734: 69,613,820,319,989,155
735: 339,227,843,564,236,758
736: 16,38,842,899,585,567
1183: 954,683,942,1017,844
738: 543,893,969,1217,54
1227: 948,389,212,205,283,838
740: 971,24,1085,1078,1124,1001
741: 473,662,863,1237
742: 48,642,504,1050,633,28
743: 1002,819,433,1033,1194,1125
744: 659,673,726,937,719
745: 711,603,642,468,416
746: 563,581,425,183
747: 629,699,27,1220,555,884
748: 966,1104,1009,437,914,234
1198: 444,1108,1160,406,417
750: 871,530,562,114,875,928
751: 408,0,1164,589,1119,597
752: 111,60,113,777
753: 498,1214,348,86
754: 945,23,823,795,822
755: 380,733,281,648
1174: 56,976,855,1032,1168,1107,808
757: 760,763,75,1197,592,957
758: 1248,25,236,735,339,476
759: 713,263,257,878,255
760: 757,763,75,3,1050
761: 513,119
762: 11,33,55,19,794,686
763: 760,757,195,957,46,847,3
1168: 1064,1032,1174,1,808,915
765: 1066,1001,1052,208,1128,1002
1229: 269,846,343,804,725
767: 810,460,466,214,645,508,675
768: 347,1024,433,1052,1012
769: 256,990,357,209,1000,998
770: 270,1097,457,1067
771: 124,606,95,539
1240: 121,710,1228,455,1149
773: 1209,149,527,1060,345,694
774: 67,350,298,514,876,1145
1252: 651,948,389,653,121,1233
776: 317,174,1245,1234,289
777: 1234,60,174,752
778: 179,1170,260,990,357
779: 801,854,829,788,393
780: 132,452,815,700
781: 262,588,1039,328,248
782: 688,316,264,917,284,181
783: 37,811,1119,266,1164
784: 395,919,560,604,32,296
785: 881,852,369,1257,282,979
786: 1132,1185,333,1110,99
787: 601,1238,367,708
788: 1141,829,779,985,97
789: 661,34,88,210,1169
790: 801,854,606,528,524,246
1263: 26,1061,1155,471
792: 205,354,304,411,590
793: 695,469,219,963,1225,384
794: 908,19,1190,79,762,686
795: 1231,386,928,23,754,530,822
796: 947,1045,199,924,195,957,59
797: 864,77,1055
798: 176,1030,1062,161,1081,214,508
799: 195,59,1021,257,1006,847
800: 929,710,1233,623
801: 790,854,779,124,606,829
802: 553,809,925,824,1253,571
803: 690,1243,649,1127,9,163
804: 983,725,292,1073,1229
805: 271,125,956,637,961
806: 966,1104,52,467,69,697
807: 833,981,11,33,226,828
808: 915,488,1174,1041,855,1168
809: 553,802,824,302,978
810: 460,767,1096,1081,91,214
811: 783,37,494,173,861,839
1213: 315,900,1108,436,1044
813: 215,663,447,658,887,325
814: 832,501,270,939,1254
815: 624,700,577,780
816: 57,579,1204,317,98
1233: 710,651,1252,623,800
818: 1125,1195,1130,975,1194
819: 743,433,1125,534,644,347
820: 1084,1265,319,734,155,1260
821: 684,1008,1010,509,1004,1166
822: 867,1049,754,823,1231,795
823: 206,584,945,754,822,1049
824: 538,419,1253,809,802
825: 63,888,242,238,992,310
826: 599,885,117,726
827: 1095,401,839,173,381
828: 376,866,807,33,226
829: 1141,788,656,124,418,801,779
830: 961,652,254,1140,314
831: 178,326,165,598,873,520
832: 814,501,40,360,939,356
833: 807,65,981,181,316,226
834: 355,985,888,238,360,685
835: 1053,1017,671,36
836: 309,899,86,498,251,375
837: 677,858,608,492,419,951
838: 863,283,363,926,389,1227
839: 391,401,450,811,494,173,827
840: 723,45,208,1065,717,1033
841: 555,682,884,237
842: 736,16,309,899
843: 131,683,904,564,735,227
844: 1017,942,5,1183
845: 405,967,943,1026,897,622
846: 269,1229,614,693,1173
847: 1006,46,799,195,763
848: 959,230,1095,1106,923,175
1173: 672,523,269,846,614,420
850: 248,862,177,282,412,369
851: 148,387,399
852: 881,785,546,1257,327
1172: 1163,1150,1184,1075,1151,515
854: 801,790,779,246,393,612
855: 1051,1041,976,1174,808
856: 329,716,167,325,217,215
857: 956,241,362,871,189
858: 677,837,419,302,375
859: 445,979,62,881
860: 1260,1265,506,453
861: 137,1211,1258,37,811,494
862: 704,177,850,920,359,369
863: 838,363,926,662,741,473
864: 797,229,655
865: 513,481,1177,1026,53,897
866: 729,376,828,33,55,620
867: 822,1100,247,936,1167
1205: 47,268,574,374,1035,908,413
869: 994,323,718,276
1237: 289,662,1245,741
871: 750,530,562,386,857,241
872: 476,85,143,249,236,15
873: 598,607,326,831,217
874: 379,387,411,590
875: 114,972,154,750,562
876: 35,1180,1145,514,774
877: 346,1076,303,1191,222,1043
878: 58,341,481,255,759,713
1222: 197,364,1221,1215,1175,676
1243: 690,803,447,410,163
881: 785,852,546,979,859,445
882: 479,250,625,108,1070
883: 57,991,1044,315,712,1204
884: 555,682,841,747,1220,1146
885: 599,122,826,726,216,719
886: 415,708,535,185
887: 658,1070,447,1236,410,813
888: 393,63,825,985,834,238
889: 503,972
890: 446,41,398,1122,660
1260: 906,335,155,105,860,820,453
892: 565,665,183
893: 543,738,1223,969
1171: 1105,1120,931,1122,41
895: 189,949,367,668,306,601
1221: 197,1222,38,585,1215
897: 53,622,1026,865,845
1259: 182,80,1011,1129
899: 836,309,251,736,842,567
900: 315,968,1213,436,730,572
901: 146,1031,1103,684,1010,723
902: 150,338,480,271,531,125
1203: 476,85,25,679,706,28
904: 84,720,628,131,843,564
905: 623,926,651,473
906: 335,155,105,1260,1235,982,137
1162: 1099,1083,1003,692,1156,1069
908: 940,19,794,1205,374,413,79
909: 507,454,584,1049,1132
1264: 666,952,1230,933
1206: 
912: 240,1230,639,933,1242,544
913: 361,702,572,968,4,526
914: 234,429,20,1009,475,748
915: 1,808,96,488,487,1168
916: 938,158,1110,99,118,550
917: 30,284,31,727,782,181
1180: 876,1145,17,434,1196
919: 395,676,600,784,170,32
920: 1212,359,193,862,369,1257
921: 39,1244,190,93
922: 478,81,301
923: 175,1126,191,230,955,848
924: 199,796,967,622,1021,59
925: 553,802,571,34,983,292
926: 863,838,651,389,473,905
927: 126,284,118,158,264
928: 23,1262,114,750,530,795
929: 800,710,1149,1165
930: 1045,199,235,1005,1019
931: 1157,1122,987,1129,1171
932: 646,1158,280,1175
933: 912,104,544,1264
934: 42,479,250,242,310
1211: 137,861,335,999,382
936: 149,527,1167,867,247,1140
937: 117,477,726,536,659,744
938: 451,696,158,916,701,550
939: 360,685,666,814,832
940: 908,19,278,374,152,529
941: 631,1187,1152,521,996,616
942: 334,953,5,954,1183,844
943: 959,1026,175,1113,405,845
944: 1035,417,1199,556,47
945: 23,754,965,462,206,823
946: 958,43,541,136
947: 1045,796,957,1051,1041,592
948: 389,1227,1252,205,653
949: 189,895,76,480,362
950: 724,544,626,144,240,353
951: 538,419,492,988,290,837
952: 666,1264,1261,1254
953: 334,998,942,256,650,5
954: 131,683,1183,334,198,942
955: 230,986,434,923,191
956: 857,241,362,637,805,125
957: 195,59,947,796,757,763,592
958: 946,43,531,291
959: 943,1026,848,1106,175,1177
1215: 66,280,1175,38,1222,1221
961: 652,830,254,637,805
962: 127,22,1117
963: 219,1241,385,166,695,793
964: 601,1238,997,76,1080
965: 996,1029,462,945,424
966: 806,1224,1104,52,748,234
967: 405,235,845,622,199,924
968: 315,900,913,572,712,4
969: 1088,893,738
970: 145,400,187,1249,277
971: 24,740,1078,525,568,1147
972: 232,114,875,100,889
973: 420,518,139,614,693,397
974: 1047,1072,71,1112,627,1015
975: 1004,1166,1194,1130,818
976: 56,200,1174,1019,1051,855
1253: 824,538,182,80,802,571
978: 251,302,553,809,368,567,142
979: 94,282,62,881,785,859
1254: 952,1261,814,1246
981: 807,833,181,31,529,11
982: 61,1258,402,1235,906,137
983: 804,725,142,553,925,292
984: 1206,1088,95,528
985: 355,97,834,788,888
986: 230,955,1037,470,17,434
987: 88,272,1129,931,1120
988: 566,6,290,538,951,162
989: 697,578,1235,69,734,155
990: 769,357,209,179,718,778
991: 1044,1144,1178,57,204,883
992: 238,40,310,825,1123
993: 1034,345,694,610,68,311
994: 869,546,445,323
1197: 757,75,592,1041,488,605
996: 1029,965,941,462,616
997: 964,1238,404
998: 334,953,156,256,769,1000
999: 286,382,1074,1211,512
1000: 769,357,1219,1023,998,156
1001: 1066,765,1128,1124,740,1085
1002: 743,433,1033,208,765,1052
1003: 1099,1162,1156,1086,1098,1022
1004: 975,474,1166,1194,821,1010,45
1005: 1019,303,1191,89,515,51,235,930
1006: 143,678,847,263,257,799
1007: 420,518,407,228,631
1008: 821,684,1134,1042,1040,509
1009: 20,299,537,437,914,748
1010: 821,684,901,1004,474,723,45
1011: 1259,106,394,532,1157,403
1012: 545,439,1066,1052,768
1013: 210,1073,1169,22,1117
1014: 73,1016,1046,50,1077,1107
1015: 627,223,580,71,244,974
1016: 1014,73,233,224,1077,568
1017: 844,1183,36,835
1018: 686,297,634,55,1091,620
1019: 1005,303,1045,930,976,200,1051
1020: 1207,436,1059,576,444,1108
1021: 53,622,255,257,924,799,59
1022: 1038,1098,1086,691,1003,191
1023: 1189,540,1219,558,1000,156
1024: 347,768,194,1135,593
1025: 732,267,296,680,211,484,619
1026: 943,959,865,1177,845,897
1027: 1092,1156,1086,67,1145,1196
1028: 689,525,233,1139,681,556
1029: 996,965,1187,619,29,424
1030: 176,798,1062,1046,573,1077
1031: 146,901,1103,466,423,675
1032: 1064,1139,1168,1107,1174,73
1033: 1002,743,1194,840,45,208
1034: 993,345,1060,696,87,610
1035: 944,417,1153,47,1205,413
1036: 615,409,486,1084,1265
1037: 230,986,470,401,1095
1038: 1098,1184,1022,1075,191
1039: 781,615,664,248,177
1040: 171,397,509,207,1134,1008,10
1041: 1051,855,947,1197,592,808
1042: 1079,449,1134,684,1008,252,1103
1043: 56,200,877,303,50,222
1044: 991,1144,1108,1160,1213,883
1045: 947,199,796,930,235,1019,1051
1046: 50,222,1030,1062,1077,1014
1047: 1072,974,627,388,460,1096
1048: 1232,1226,731
1049: 822,1100,823,584,909
1050: 3,504,760,603,742,642
1051: 1041,855,1019,947,1045,976,200
1052: 1066,765,1002,433,768,1012
1053: 835,671,714,1131
1054: 42,674,1250,542,288
1055: 186,1209,694,797,77,68
1056: 115,1067,1071,1142,1057,1093
1057: 551,580,71,1071,1056,1093
1058: 452,575,431,495,640,1121
1059: 1082,576,64,279,444,1020
1060: 225,550,527,773,1034,345
1061: 26,165,1263,471,598,583
1062: 1030,798,161,1076,1046,222
1063: 1072,101,1112,1083,221,1133
1064: 1139,1032,1168,1,681,1154
1065: 840,723,146,645,632,717
1066: 765,1001,1052,1085,1012,545
1067: 115,457,1056,270,770,1142
1068: 201,221,91,1148,1186
1069: 1093,101,115,692,1083,1162
1070: 658,887,1236,625,479,882,1250
1071: 1142,285,1161,1056,551,1057
1072: 1063,1047,974,1112,221,1096
1073: 292,210,1013,804,1117
1074: 286,999,1212,359,340,512,1256
1075: 1038,1098,1184,1115,1150,1172
1076: 346,877,161,1148,1062,222
1077: 224,573,1030,1046,1014,1016
1078: 971,740,1085,253,192,1147
1079: 449,1042,180,423,202,1103
1080: 404,505,964,76,150,322
1081: 161,91,1148,810,214,798
1082: 416,383,1059,715,576,64
1083: 1099,1162,101,1069,1063,1133
1084: 820,1265,319,72,1036
1085: 740,1078,1066,1001,545,192
1086: 1027,1156,691,1196,1003,1022
1087: 731,1176,554,1181
1088: 984,969,528,524,54
1089: 657,611,48,468,416,715,337
1090: 356,398,501,446,49
1091: 116,113,620,1018,634,1255
1092: 1027,1156,1097,457,692
1093: 101,1069,1112,1056,1057,71
1094: 532,1116,331,403,660
1095: 827,1106,230,1037,848
1096: 810,460,1047,1072,221,91
1097: 67,1246,770,457,1092
1098: 1038,1022,1075,1099,1003,1115
1099: 1083,1162,1003,1098,1133,1115
1100: 867,1049,1132,1185,1167
1101: 317,174,1255,579,60
1102: 432,500,272,1137,1120,1109
1103: 1031,901,1079,1042,423,684,252
1104: 806,966,748,1138,437,467
1105: 482,1137,1120,1171,1161,551
1106: 1095,959,848,1177
1107: 1032,50,56,1174,1014,73
1108: 444,1198,1160,1020,436,1044,1213
1109: 1169,427,22,272,500,1102
1110: 786,1185,99,225,550,916
1111: 1155,471,565,665,438
1112: 1093,101,71,1063,1072,974
1113: 89,1151,175,1126,943,405
1114: 1127,9,581,1223
1115: 201,1133,1099,1098,1075,1150
1116: 1094,288,42,331
1117: 139,693,1073,1013,22,127,962
1118: 1138,107,1136
1119: 340,589,512,783,751,1164
1120: 1105,1137,1171,987,272,1102
1121: 378,226,1159,495,65,1058
1122: 931,1157,660,890,41,1171
1123: 331,356,40,992
1124: 643,352,1128,1001,24,740
1125: 818,1195,1194,819,743,644
1126: 923,175,1184,1151,1113
1127: 1114,9,563,581,803,649
1128: 352,717,208,1124,765,1001
1129: 88,987,1259,931,1157,661
1130: 521,621,975,1166,616,818
1131: 133,1053,714,1188
1132: 786,1185,333,507,909,1100
1133: 201,221,1115,1099,1083,1063
1134: 159,207,449,1042,1040,1008
1135: 593,1024,439,126
1136: 153,1247,1138,1118,467
1137: 482,1105,1120,244,432,1102
1138: 437,107,1118,1136,1104
1139: 1064,1032,73,233,1028,681
1140: 254,247,936,149,830,314
1141: 829,788,656,659,97
1142: 1071,49,285,270,1067,1056
1143: 291,505,322,338,472
1144: 991,1044,1153,1160,188,1178
1145: 876,1180,67,774,1027,1196
1146: 680,211,1179,1220,682,884
1147: 268,574,971,1078,525,253
1148: 161,1081,91,1068,1076,1186
1149: 710,1240,929,1165
1150: 1163,1172,1075,201,1115,1186
1151: 89,515,1113,1184,1126,1172
1152: 631,941,407,521,621,10
1153: 1035,417,1160,188,413,1144
1154: 1199,681,1064,1,406,448
1155: 1111,471,565,1263
1156: 1092,1027,1086,692,1162,1003
1157: 931,1122,403,660,1011,1129
1158: 646,932,170,1175,676
1159: 378,1121,452,132,707,1182
1262: 928,23,424,232,114