0: 408,751,597,558,496,540
1: 487,915,372,1064,1168,64
2: 724,104,461,1075,258
3: 592,757,760,763,1019,1197
4: 526,617,968,913,548,712
5: 650,942,953,844
6: 988,566,377,172,716,290
7: 442,587,351,702,361,1089
8: 18,590,1228,653,121,948
9: 1114,1127,543,1223,803,163
10: 1040,207,252,891,516,684,509
11: 33,762,794,981,609,807,559
1209: 186,1055,314,694,773
1214: 753,498,586,348,677,608
14: 1015,244,324,580
15: 872,257,1006,249,85,143
16: 736,38,842,66
17: 986,955,164,470,434,35
18: 8,590,184,1228,874
19: 609,908,940,79,794,1160
20: 299,1009,122,549,475,914
21: 394,106,172,674,329,566
22: 1169,962,1109,349,1008,427
23: 424,928,965,945,754,795
24: 740,1124,568,517,643,73,971
25: 219,385,1203,305,679
26: 165,261
27: 604,1220,32,170,629,747
28: 1203,872,85,504,679,706
29: 484,619,1029,232,424,965
30: 980,917,1210,284,927,126,1135
31: 981,529,181,727,464
32: 604,296,27,170,784,919
33: 11,762,794,807,866,828
34: 292,1013,789,210,804,925
35: 434,1191,164,1083,955,17
36: 227,671,683,1183,1017,835
37: 783,512,811,1095,450,839
38: 736,16,585,66,1215,1221
39: 921,190,259,148
40: 360,834,666,355,985,1022
41: 1071,1142,1067,1161,890,1105
42: 288,1090,242,934,1054,310
43: 271,531,541,946,958
44: 112,458,358,103
45: 743,1033,840,1010,723,146,474
46: 257,799,847,947,760,143,763
47: 1035,417,1205,944,83,574
48: 742,633,642,657,468,109
49: 446,832,1099,1142,285,1098
50: 767,56,1014,877,235,303
51: 303,1113,1126,1062,845,1005
52: 728,129,966,1224,274
53: 231,897,481,796,255,865,1045
54: 543,893,738,1088,1217
55: 188,1190,620,1160,762,794
56: 50,767,235,233,224,1043
57: 579,204,991,883,1204,816
58: 713,496,341,878,641,759
59: 263,622,255,1045,799,847
60: 116,1178,1018,777,111,113,752
61: 281,494,380,168,402,982
62: 1181,979,94,859
63: 1003,888,612,250,242
64: 448,279,96,1064,487,1
65: 807,833,316,495,1121,226
66: 1215,280,16,38
67: 1069,1156,1180,1072,1162
68: 300,1055,993,694,797,77
69: 697,613,734,578,402,989
70: 119,266,381,1163,1106,761
71: 1112,180,1093,1057,1056,1015,244,870
72: 422,319,1036,570,1084,820
73: 233,1107,224,568,24,525,971,849
74: 970,351,160,384,611,442
75: 1197,603,488,605,711
76: 949,964,1080,150,480
77: 797,1055,993,300,68
78: 399,1228,455
79: 1153,413,908,19,188,1160
80: 571,802,824,1157
81: 308,602,301,922
1231: 386,795,822
83: 689,944,595,574,268,47
84: 904,720,628,678,622,1021
85: 1041,143,504,28,872,15
86: 836,309,753,498
87: 147,640,451,701,696,1060
88: 987,272,1120,890,1137,1105
89: 515,1062,346,1148,756,775
1218: 93,265,166,493
91: 974,1112,627,798,214,1096
92: 614,693,139,846,561,518,973
93: 1218,493,921
94: 412,282,979,554,62,1181
95: 606,771,984,528
96: 279,64,487,711,383,745
97: 1097,489,639,788,912,1141,355
98: 396,548,1204,317,816
99: 916,118,593,194,786,333
100: 232,972,211,484,889,1179
101: 691,1191,201,221,1077
102: 278,374,152,464,529,940
103: 358,586,458,44,667,511
104: 724,544,2,933,258,952
105: 335,155,860,615,453
106: 21,1011,394,566,162,182
107: 1138,437,1009,537
108: 612,882,250,625,669,1070
109: 1225,611,633,48,459,657
1196: 1133,1230,933,952,1156
111: 113,60,777,752
112: 520,458,44,261
113: 111,295,60,116,392
114: 232,972,424,928,750,530
115: 390,1081,1069,1072,770,457
116: 60,1018,729,295,392,113
117: 477,726,937,826
118: 284,916,593,99,927,786,158
119: 70,266,408,1151,761,341
120: 192,768,545,880,253,342
121: 948,710,1233,8,1228
122: 599,885,549,20,216,475
123: 169,397,127,159,898,516
124: 606,771,418,539,801
125: 271,805,956,362,902,480
126: 284,593,1024,1210,439,917,30
127: 349,159,1008,139,973,123,397
128: 740,1124,1128,1078,1001,336
129: 243,728,52,274,557
1217: 163,625,410,543,54
131: 954,683,843,198,904,720
132: 780,452,1159,707
133: 670,1188,1131
134: 307,1061,649,690,583,435
135: 1036,570,421,308
136: 655,541,946
137: 861,1211,982,906,335
138: 418,539,536,477
139: 92,693,1117,127,1008,973,397
140: 368,197,142,983,725,343
141: 1109,894,500,1102,703,432
142: 140,368,978,553,983
143: 1041,85,763,257,46,249,15
144: 216,626,475,353,429,950
145: 190,400,203,187,970,220
146: 723,684,901,675,645,1065,45,840
147: 640,87,610,700,1060,1034,575
148: 851,39,259,387
149: 936,867,822,247,1140
150: 902,338,322,480,76,1080
151: 365,319,153
152: 312,910,464,278,102,791
153: 365,319,151,613,467
154: 668,306,875,185,503,415
155: 1084,734,860,989,105
156: 334,998,198,1000,1189,1023
157: 382,453,177,594,704,359,286
158: 451,264,938,284,916,118,927
159: 127,349,1008,207,427,123,516
160: 657,715,611,442,74
161: 390,201,722,1081,974,221,692,1046,287
162: 988,566,106,538,182
163: 1217,410,9,543,803,447
164: 1172,1083,470,1145,35,17
165: 26,261,598,831,520
166: 963,695,493,293,265,1218
167: 430,377,326,217,215,716
168: 578,243,728,497,61,380
169: 245,171,123,397,407,898,621
170: 646,1158,919,629,27,32
171: 169,898,821,485,621,1194
172: 716,856,329,566,6,21
173: 450,839,391,401,1037,827
174: 317,777,1101,776,1091
175: 515,1126,1076,943,405
176: 756,775,222,1016,1014,877
177: 157,453,664,615,248,704
178: 430,667,326,831,520,458
179: 852,323,327,1170,778
180: 1112,71,1093,244,519,627,223
181: 31,981,980,559,782
182: 1122,1116,162,1011,106
183: 746,425,438,665
184: 18,387,851,399
185: 196,535,503,415,886,154
186: 1055,314,1209,652,229,830
187: 695,384,793,970,145,203
188: 55,686,1190,1160,79,1153,297
189: 895,949,306,562,857,362
190: 145,400,203,39,921,259
191: 955,230,434,691,853,923
192: 120,1210,439,768,1085,342
193: 1212,920,862,785,369,327
194: 534,1024,330,454,333,593,99
195: 947,957,796,1045,199
196: 535,185,237,682,503,1216
197: 140,368,585,343,1222,1221
198: 334,156,1189,720,131,954
199: 930,967,465,796,195,957
200: 930,1005,1113,976,907,772
201: 876,722,1081,161,101,1191,221
202: 466,1031,449,388,1079,798,423
203: 145,190,187,695,493
204: 634,57,579,991,297,686
205: 792,653,212,590,1227
206: 823,754,584,616,945
207: 10,1040,499,427,894,349,159,516
208: 414,717,366,1128,1012,765,239
209: 256,990,769,718,320,276
210: 789,931,661,1013,34,1129
211: 1146,680,484,1179,100
212: 283,526,617,205,1227
213: 838,363,548,617,396
214: 508,222,547,1096,91,388,627,798
215: 813,607,217,325,167,856
216: 626,475,144,719,122,885
217: 873,607,215,326,167
1212: 920,193,1170,440,327
219: 385,25,679,469,963
220: 970,351,145,318,277
221: 974,569,692,1046,287,201,722,1081,161,101,1077
222: 508,547,214,1016,176,573,1014
223: 627,1079,798,244,180,449,519
224: 233,73,810,573,767,56,568,517
225: 1167,550,527,696,345,1060,773
226: 483,1121,807,65,833,828
227: 735,339,671,36,683,843
228: 267,709,560,420,631
229: 652,186,1055,655,864
230: 1038,955,191,434,1186,923
231: 53,897,796
232: 114,972,100,484,29,424
233: 1107,73,224,1043,767,56,568
234: 914,429,1224,748,274,721
235: 303,1113,50,56,1043,976
236: 735,339,1006,476,758
237: 196,535,682,841
238: 825,992,360,685,356,501
239: 545,765,208,1128,1001,880
240: 912,673,626,1097,544,950
241: 857,956,871,386,647,637
242: 250,934,63,888,42,310
243: 728,129,168,755,497,380
244: 1015,324,14,870,580,71,180,519,223
245: 169,397,1007,407,621,1152
246: 669,524,790,854,612
247: 254,647,1140,822,149
248: 781,262,664,177,850,704
249: 1021,1006,564,257,143,15
250: 108,612,882,242,934,63
251: 302,978,375,836,899,567
252: 1042,1103,10,1040,684,509
253: 312,910,342,977,880,120
254: 647,637,247,1140,961,830
255: 53,481,1045,59,263,759
256: 769,209,320,953,998,650
257: 799,847,46,1021,249,143,15
258: 514,350,952,104,2
259: 379,387,190,400,39,148
260: 1170,440,778,589,597,1219
261: 26,165,112,520
262: 781,588,248,602,409,664
263: 59,678,759,622,713,255
264: 451,158,701,927,688,1135
265: 670,293,166,1218
266: 119,70,381,783,1184,1151
267: 732,709,228,1025,560,296
268: 278,574,791,595,83
269: 846,1229,364,1173,523
270: 551,1057,1092,285,1098
271: 43,531,125,805,902
272: 88,987,1120,931,1129
273: 307,1061,438,425,1155,471
274: 557,721,234,1224,52,129
275: 1033,366,414
276: 320,869,718,209
277: 379,220,400,318,411
278: 374,574,102,791,268,152
279: 448,406,64,444,96,383
280: 66,1215,1175,932
281: 494,61,380,648,450,391
282: 412,979,94,506,1039,369
283: 212,617,838,389,1227
284: 118,593,927,126,30,158
285: 270,551,1098,49,1071,1142
286: 999,1074,157,382,359,920
287: 974,221,1046,161
288: 42,1090,542,1054,532
289: 1234,662,741
290: 344,492,951,377,988,6
291: 1143,338,531,958
292: 1013,34,804,1073,1117
293: 385,265,670,963,166
294: 636,975,474,1194,1002,743,818
295: 635,376,729,116,332,392,113
296: 604,32,784,560,267,1025
297: 204,991,1153,1044,188,686
298: 456,1150,514,350,774,1172
299: 20,537,549
300: 311,68,993,77
301: 81,602,922,588,1176
302: 251,978,375,858,809
303: 235,1113,51,1062,50,877
304: 318,411,354,1089,792
305: 758,1188,1203,476,385,25
306: 154,668,875,562,189,895
307: 134,273,563,425,649
308: 81,602,135,421
309: 836,899,86,842
310: 825,992,242,888,42
311: 300,993,1034,610,577
312: 727,152,910,464,253,342
1228: 8,18,78,121
314: 186,1209,1140,527,830,773
315: 968,572,900,1020,630,883,712
316: 688,1135,65,833,782,495
317: 1101,174,816,98,776
318: 304,411,220,351,1089,277
319: 365,422,72,151,153,1084
320: 276,256,209,650
321: 1042,423,1134
322: 150,338,1080,404,505,1143
323: 179,546,852,718,990
324: 1015,244,14,580,519,432
325: 658,479,813,215,856,329,705
326: 178,430,167,831,873,217
327: 179,852,1212,193,785,1170
328: 1176,554,781,850,412
329: 674,705,325,172,716,856,21
330: 194,1024,593
331: 403,532,1123,1090,398
332: 392,635,295,1182
333: 786,1132,507,454,909,194,99
334: 942,953,998,156,198,954
335: 906,105,382,453,137
336: 552,1001,977,128,1078,1147
337: 587,576,715,730,1207
338: 150,902,322,531,1143,291
339: 735,227,671,236,714,758
340: 589,1119,1164,1074,440
341: 58,496,119,408,761,878
342: 727,312,253,192,120,1085
343: 1222,364,140,197,725,1229
344: 511,492,290,430,667,377
345: 993,694,1060,773,1034,225
346: 1030,1077,853,1148,756,89
347: 918,534,1024,819,433,618,439,768
348: 358,586,753,1214
349: 127,159,1008,22,207,427
350: 258,514,952,298,1180,774,1162
351: 74,220,442,7,1089,318
352: 632,645,1065,643,717,1124
353: 144,429,724,950,461,721
354: 702,913,1089,304,526
355: 1141,985,639,97,834,40
356: 446,832,398,238,992,501
357: 990,769,1000,778,1219
358: 103,586,348,44
359: 594,704,157,286,920,862
360: 666,685,40,238,825,1022,501
361: 702,730,587,7,572,900
362: 857,956,189,949,480,125
363: 863,213,838,662,396,741
364: 600,343,1222,269,1229,523
365: 422,319,151,153
366: 1033,275,1052,414,208,1012,765
367: 415,708,668,601,787,895
368: 140,567,197,142,585,978
369: 1039,785,506,282,862,193
1225: 384,611,109,793,459,469
1207: 730,436,1059,1082,576,337
372: 1064,1032,1168,1139,1,681
1199: 1213,1198,556,406,444,417,1059
374: 278,574,102,1205,908,940
375: 251,302,498,677,858,836
376: 866,635,729,828,295,483
377: 430,167,716,344,290,6
378: 483,1121,1159,1182,707
379: 277,259,387,874,400,411
380: 281,61,243,168,755,497,648
381: 70,266,783,811,1163,827
382: 157,453,335,286,999
383: 1082,416,745,279,444,96
384: 1225,611,793,187,970,74
385: 219,293,25,305,1188
386: 1231,871,530,241,647
387: 259,379,851,148,184
388: 1079,798,508,214,466,202,460
389: 926,1227,283,863,838
390: 1081,161,115,770,1093,692
391: 173,450,839,648,281,1027,401
392: 332,295,116,113
393: 1003,854,779,737
394: 21,1011,106,674,542,532
395: 676,784,919,600,672,523
396: 662,98,548,213,363
397: 245,169,123,139,127,973,407
398: 356,446,832,1090,992,403,331
399: 78,851,184
400: 145,190,277,259,379
401: 470,1027,173,391,986,1037
402: 578,69,906,989,61,982
403: 331,1123,446,398,660,1067
404: 1080,1193,1192,322,505,472
405: 924,845,1026,943,1126,175
406: 448,279,444,556,417,1199
407: 561,973,1007,245,169,397
408: 751,0,1151,119,496,341
409: 664,486,1036,421,262
410: 163,1217,625,447,1070,887
411: 318,304,277,379,874,792
412: 282,94,554,328,850,506
413: 79,1153,1035,1205,908,1108
414: 208,717,1065,1033,275,366,840
415: 367,708,886,185,154,668
416: 1082,576,383,745,642,468
417: 1035,47,944,556,406,1198,1199
418: 539,138,536,124,656
419: 824,538,951,837,858,809
420: 561,518,1007,1173,228,631
421: 135,1036,308,602,409
422: 365,319,72,570
423: 1042,1103,321,449,1134,1031,202
424: 928,23,965,29,232,114
425: 563,746,183,438,307,273
426: 456,557,1075
427: 1040,207,499,22,1109,894,349,159
1226: 1048,1232,478
429: 914,234,475,144,353,721
430: 178,667,377,326,167,344
431: 495,575,1058,701,688,640
432: 519,1134,703,324,580,141,500
433: 1012,819,1066,618,347
434: 35,691,1191,955,17,230,191
435: 663,607,134,690,583
436: 730,1207,1059,1213,900,1020
437: 1138,107,1136,1009,1104,748
438: 665,565,183,425,471,273
439: 192,1210,768,918,1024,347,126
440: 1170,260,1212,340,589
441: 808,1051,488,605,915
442: 587,7,160,74,351
443: 1112,974,692
444: 406,279,1082,383,1199,1059
445: 859,881,994
446: 356,832,398,49,403,1142,1067
447: 803,690,163,410,663,887
448: 406,279,64,1064,1154,556
449: 519,1134,1079,223,423,202
450: 173,839,391,281,494,37
451: 264,938,158,701,696,87
452: 780,815,132,700,575,1058,1159
453: 157,382,177,615,335,105
454: 507,644,463,534,194,333
455: 1149,78
456: 426,1150,298,1075,514
457: 1056,770,1069,1086,1092,115
458: 112,520,44,178,667,103
459: 679,706,469,633,1225,109
460: 810,1047,573,388,508,466
461: 557,721,1075,353,724,2
462: 996,1029,616,965,945
463: 507,644,454,1125,1195,584
464: 727,152,312,102,31,529
465: 930,199,957,907,1051,592
466: 1031,675,202,388,508,460,1047
467: 806,613,1136,153,1104
468: 657,715,642,48,416,576
469: 459,679,219,1225,793,963
470: 1145,1027,401,164,986,17
471: 1155,1111,438,565,273
472: 505,404,1192
473: 741,863,926,905
474: 294,1194,1010,821,743,45
475: 216,144,122,20,914,429
476: 1203,872,1006,236,305,758
477: 117,937,138,536
478: 731,922,1226,1048
479: 658,1070,325,882,705,1054
480: 150,902,949,76,362,125
481: 53,255,865,513,878,759
482: 764,1137,1105,703,580
483: 378,226,635,376,828,1182
484: 619,29,211,232,100
485: 621,1166,171,975,1194,1004
486: 409,664,615,820,860
487: 605,915,1,711,64,96
488: 757,1051,441,605,1197,75
489: 1097,97,912
1216: 503,1179,682,1146,196
1224: 1104,966,748,234,274,52
492: 344,511,951,290,837,608
493: 166,695,93,1218,203
494: 281,61,861,982,450
495: 431,1058,688,316,65,1121
496: 58,341,408,0,540,641
497: 755,243,168,380
498: 753,1214,677,836,86,375
499: 1040,207,427,894
500: 141,894,1134,432,1040,1042
501: 1099,238,360,685,356,832
1219: 597,558,260,778,357,1000
503: 889,1216,196,185,154
504: 1041,85,1019,28,742,706
505: 472,404,322,1143
506: 850,704,412,282,862,369
507: 454,463,909,584,333
508: 222,547,214,388,798,466,460,573
509: 723,684,10,252,1010,891
510: 521,616,1004,1130,1195
511: 344,492,667,103,586,608
512: 783,37,1184,1095,1119
513: 1106,761,878,1177,481,865
514: 258,350,1075,456,298,774
515: 89,1126,1062,175,1148,1076
516: 898,891,159,10,207,123
517: 568,643,810,1047,632,224,24
518: 420,561,846,92,1173
519: 449,1134,432,244,324,580,180,223
520: 112,458,165,261,831,178
521: 616,510,1004,941,1166,996
1195: 1125,1130,510,584,463
523: 672,1173,600,364,269,395
524: 669,246,528,1088,790
525: 971,849,1078,73,1139,698,1147,1028
526: 212,617,4,354,913
527: 936,1167,225,314,773
528: 984,1088,606,95,524,790
529: 31,981,464,102,609,940
530: 750,871,114,928,386
531: 43,271,902,338,291,958
532: 331,1123,542,288,1090,394
1220: 604,27,747,884,1146,680
534: 194,1024,347,819,644,454
535: 196,185,237,886
536: 418,138,477,937,656,659
537: 299,1009,107
538: 824,419,951,988,162
539: 418,138,124,771
540: 1189,1023,641,0,558,496
541: 652,43,946,136
542: 674,1054,288,394,532
543: 893,54,1223,9,163,1217
544: 724,104,950,240,1097,933
545: 765,239,618,880,120,768
546: 852,323,881,869,994,718
547: 508,222,214,1096,1016
548: 1204,712,4,98,396,213
549: 599,122,20,299
550: 1167,225,1110,916,938,696,1060
551: 270,1057,285,1071,764,1015
552: 977,336,1147,595,910,791
553: 571,802,142,983,925
554: 1176,328,1087,412,94
555: 884,841,699,747
556: 1154,944,448,406,417,1199
557: 274,461,721,1075,129,426
558: 597,1219,0,540,1023
559: 807,833,782,981,181,11
560: 672,784,296,267,228
561: 420,518,973,1007,407,92
562: 750,871,306,875,189,857
563: 746,425,1127,581,307,649
564: 1021,1006,249,904,843,735
565: 438,892,665,1111,471
566: 988,6,162,172,21,106
567: 368,585,899,251,978,736
568: 517,643,233,73,224,24,971
569: 221,1046,1077
570: 135,1036,422,72
571: 553,802,80,789,661,925
572: 315,968,900,702,913,361
573: 810,460,508,222,767,1014,224
574: 278,374,268,83,47,1205
575: 431,1058,147,640,700,452
576: 1082,416,715,468,1207,337
577: 624,610,311
578: 168,402,697,69,728
579: 634,57,204,1101,816
580: 1015,244,324,14,482,764,703,519,432
581: 1114,1127,563,746
582: 629,699,646
583: 598,873,134,1061,435
584: 206,823,1195,507,463,909
585: 368,567,197,736,38,1221
586: 358,103,348,511,1214,608
587: 442,7,337,730,361
588: 781,262,602,301,1176
589: 340,1164,440,260,751,597
590: 8,18,874,792,205,653
1230: 1196,1133,1097,933,639,834
592: 757,3,465,760,957,1051
593: 284,118,99,126,194,1024,330
594: 704,359,157
595: 1147,1028,552,689,83,791,268
1223: 543,893,1114,9
597: 1219,558,589,260,751,0
598: 831,873,583,1061,165
599: 122,885,549,826
600: 1222,364,395,676,523
601: 997,787,964,367,895
602: 81,308,301,421,262,588
603: 642,1197,75,1050,711,745
604: 296,27,1220,32,1025,680
605: 487,915,711,441,488,75
606: 124,95,771,528,801,790
607: 435,663,813,215,217
608: 677,837,586,511,492,1214
609: 19,940,981,529,11,794
610: 147,700,1034,311,577,624
611: 1225,384,109,657,160,74
612: 108,250,246,854,63
613: 806,697,69,467,153,734
614: 92,693,846,1073
615: 664,486,860,105,453,177
616: 521,510,996,462,945,206
617: 212,283,526,4,213,838
618: 545,765,1012,433,347,768
619: 484,29,732,1029
620: 55,1190,762,866,729,1018
621: 485,1166,1152,245,171,169
622: 59,678,263,84,847,1021
623: 905,651,800
624: 577,610,700,815
625: 1217,410,669,1070,108
626: 216,144,719,673,240,950
627: 1079,223,798,1112,180,91,214
628: 84,720,713,1189,641,678
629: 699,747,582,170,27
630: 1144,1044,315,1020,991,883
631: 1187,420,1007,709,228
632: 645,352,675,1047,517,643
633: 742,48,459,706,109
634: 579,204,686,1190,1178,1101
635: 376,295,483,1182,332
636: 975,294,1194
637: 254,647,956,241,805,961
1232: 1226,1048
639: 1097,97,1141,355,834,1230
640: 147,87,700,701,431,575
641: 540,1189,58,713,496,678,628
642: 603,1050,48,416,745,468
643: 568,517,632,352,740,1124,24
644: 454,463,1125,819,534
645: 632,352,1065,675,146,901,840
646: 1158,932,170,582
647: 254,637,247,386,241
648: 755,733,281,380,1027,391
649: 803,690,563,1127,134,307
650: 5,256,320,953
651: 926,1233,905,623
652: 541,961,229,830,186
653: 205,8,590,1227,948
1204: 548,883,712,57,816,98
655: 136,229,864
656: 829,788,418,536,659
657: 160,715,468,48,611,109
658: 479,1070,887,325,813
659: 912,744,536,937,656,788
660: 1161,1094,403,1123,1116,1067
661: 789,931,1171,210,1157,571
662: 396,363,289,1234
663: 435,813,607,447,690,887
664: 409,486,615,262,248,177
665: 438,892,565,183
666: 360,834,685,40,1133,1115
667: 178,430,458,103,344,511
668: 154,306,415,367,895
669: 524,246,625,108
670: 265,133,293
671: 339,227,36,1053,835,714
672: 560,1173,523,395,784
673: 912,744,240,626,719
674: 542,329,705,1054,21,394
675: 466,1031,1047,146,901,632,645
676: 395,919,1175,600,1158
677: 837,858,608,498,1214,375
678: 263,622,713,641,84,628
679: 459,706,469,1203,28,219,25
680: 1146,211,604,1220,1025
681: 689,1154,372,1064,1139,1028
682: 884,841,1146,196,237,1216
683: 131,954,843,1183,227,36
684: 723,509,146,901,10,252,1103
685: 360,666,238,501,1115
686: 188,1190,634,204,297
1210: 192,439,1085,126,917,30
688: 1135,316,264,701,495,431
689: 681,1154,944,83,595,1028
690: 649,803,447,134,435,663
691: 434,101,1191,191,1077,853
692: 974,221,390,161,1112,443,1093
693: 614,92,139,1117,973
694: 993,345,773,1055,1209,68
695: 187,963,166,493,793,203
696: 451,938,550,225,1060,87
697: 806,613,69,966,728,578
698: 1147,1028,525
699: 629,747,582,555
700: 147,640,610,575,624,815,452
701: 451,264,688,640,87,431
702: 354,913,361,1089,7,572
703: 482,1137,580,141,1102,432
704: 594,850,359,506,248,157,177,862
705: 674,329,1054,479,325,856
706: 459,679,504,28,742,633
707: 1182,1159,378,132
708: 415,367,886,787
709: 732,267,228,631,1187
710: 121,1233,1149,800,929
711: 605,487,603,75,96,745
712: 548,883,1204,315,968,4
713: 58,641,678,263,759,628
714: 758,1188,339,671,1053,1131
715: 657,160,468,576,337
716: 172,856,377,167,329,6
717: 414,208,352,1065,1124,1128
718: 869,546,323,990,209,276
719: 216,626,726,885,744,673
720: 904,84,628,198,131
721: 274,461,557,353,234,429
722: 201,1081,161,221
723: 684,509,146,901,1010,45,840
724: 104,544,2,950,353,461
725: 983,804,140,343,1073,1229
726: 117,937,826,885,744,719
727: 312,464,342,1085,31
728: 243,52,129,697,168,578
729: 866,376,295,620,116,1018
730: 1207,436,587,337,900,361
731: 478,1048,1176,1087
732: 267,709,1025,619
733: 755,648,1150,1145,1027
734: 155,1084,613,69,989
735: 339,227,236,843,1006,564
736: 16,38,842,899,567,585
737: 985,393
738: 893,54,969,1088
1227: 389,212,283,205,653
740: 128,1124,1128,24,643,971,1078
741: 473,863,363,289
742: 633,48,1019,504,1050,706
743: 1033,45,1052,474,294,1002
744: 659,912,673,726,937,719
745: 416,383,711,642,603,96
746: 563,183,425,581
747: 629,699,27,1220,555,884
748: 1104,1224,1009,437,914,234
1198: 1213,1199,1035,417,1144,1108
750: 871,530,562,114,972,875
751: 408,0,1151,589,1164,597
752: 1091,60,777,111
753: 498,1214,348,86
754: 206,823,23,945,795,1049
755: 497,648,733,243,380
756: 176,775,1030,346,1016,89
757: 592,3,488,1051,1197
758: 305,714,339,236,476
759: 263,878,58,713,481,255
760: 947,957,46,592,3,763
761: 1106,513,878,119,70,341
762: 11,33,794,55,620,866
763: 1041,143,760,46,3
764: 482,1105,1071,551,1015,580
765: 545,239,618,366,208,1012
1229: 269,1073,725,343,364
767: 50,56,1014,810,573,233,224
768: 192,120,439,545,618,918,347
769: 256,990,357,209,1000,998
770: 1056,457,1069,390,115,1093
771: 124,606,95,539
772: 808,907,200,976,855
773: 345,694,527,225,314,1209
774: 1180,1063,514,350,298,1172
775: 176,756,89,1062,877
776: 317,174,1091,1234
777: 1101,174,60,1178,111,752,1091
778: 1170,260,179,1219,990,357
779: 801,790,854,829,393
780: 815,132,452,1159
781: 262,588,248,328,850
782: 833,559,980,181,1135,316
783: 512,37,1184,811,266,381
784: 395,919,560,672,296,32
785: 1039,369,881,193,852,327
786: 1110,1132,333,916,118,99
787: 601,997,367,708
788: 656,829,659,912,1141,97
789: 661,210,571,925,34
790: 801,854,779,528,606,524,246
791: 278,268,552,595,152,910
792: 205,304,411,874,590
793: 1225,384,469,187,963,695
794: 11,33,762,609,19,55,1160
795: 1231,928,23,754,1049
796: 53,231,897,924,967,199,195
797: 864,77,1055,68
798: 388,627,1079,223,91,508,214,202
799: 257,847,46,1045,59,947
800: 929,710,623
801: 790,779,124,606
802: 553,809,571,80,824
803: 649,447,690,1127,9,163
804: 983,725,925,292,34,1073
805: 271,125,956,637,961
806: 697,613,467,1104,966
807: 65,833,559,11,33,226,828
808: 907,772,1051,441,855,915
809: 802,858,824,419,302
810: 460,1047,573,767,517,224
811: 783,37,839,827,381
1213: 1198,1199,436,1059,1144,1020
813: 663,607,215,658,887,325
814: 1099,1115,939,1086,1098
815: 780,452,700,624
816: 317,1101,57,579,1204,98
1233: 121,948,710,651
818: 1125,1130,975,294,1002,1066
819: 1066,433,1125,644,534,347
820: 486,72,1036,1084,860
821: 898,1010,891,171,474,1194
822: 867,1049,1231,247,149
823: 206,754,584,909,1049,1100
824: 538,419,809,802,80
825: 238,310,992,1022,888,360
826: 117,726,599,885
827: 1037,173,839,811,381
828: 866,376,807,33,483,226
829: 656,788,779
830: 961,652,254,1140,186,314
831: 598,873,165,520,178,326
832: 356,446,398,49,501,1099
833: 807,65,559,782,316,226
834: 666,40,355,639,1133,1230
835: 1053,1017,671,36
836: 309,899,86,498,251,375
837: 677,858,608,492,951,419
838: 863,213,363,283,617,389
839: 173,450,391,37,811,827
840: 1033,45,723,146,645,1065,414
841: 555,682,884,237
842: 736,16,309,899
843: 131,683,904,564,735,227
844: 1017,942,5,1183
845: 405,924,1126,51,967,1005
846: 269,614,92,1173,518
847: 257,799,46,59,622,1021
848: 1177,943,959,1186,1076
849: 525,971,1107,73,1032,1139
850: 704,506,781,248,328,412
851: 148,387,184,399
852: 179,546,323,327,785,881
853: 1077,346,691,191,923,1148
854: 790,779,246,612,393
855: 1174,976,808,772,1168,915
856: 172,716,215,325,329,705
857: 956,362,241,871,562,189
858: 677,837,419,302,375,809
859: 445,979,62
860: 155,1084,486,615,820,105
861: 137,1211,982,1095,494
862: 920,193,704,359,506,369
863: 838,363,926,389,741,473
864: 797,229,1055,655
865: 53,897,481,1177,513,1026
866: 376,729,828,33,762,620
867: 1049,1100,822,1185,936,149
1205: 1035,47,374,574,908,413
869: 994,718,546,276
870: 1015,244,1057,71
871: 750,530,562,386,857,241
872: 1203,28,476,15,1006,85
873: 598,831,583,217,326
874: 379,411,792,18,590
875: 154,306,889,972,750,562
876: 201,1081,1072,1063,1083,1191
877: 50,1014,176,775,1062,303
878: 513,761,58,341,481,759
1222: 600,343,1221,364,197
880: 1001,977,545,239,120,253
881: 785,445,546,852,994
882: 108,250,934,479,1070
883: 1204,712,630,315,57,991
884: 555,682,841,747,1220,1146
885: 599,122,726,826,216,719
886: 415,708,535,185
887: 658,1070,447,410,663,813
888: 63,1003,242,825,310,1022
889: 503,1179,972,100,875
890: 88,987,1161,41,1105
891: 898,1010,821,516,10,509
892: 665,565
893: 543,738,54,1223
894: 141,1109,500,1040,207,499,427
895: 189,949,367,668,306,601
1221: 1222,38,197,585,1215
897: 53,231,796,865,924,1026
898: 821,891,516,171,169,123
899: 836,309,251,736,842,567
900: 315,572,1020,730,436,361
901: 723,684,146,1103,1031,675,645
902: 150,338,480,271,531,125
1203: 28,872,476,305,679,25
904: 84,720,131,843,564
905: 623,651,926,473
906: 335,989,402,137,982
907: 808,772,1051,930,200,465
908: 19,940,374,1205,79,413
909: 507,823,584,1100,1132,333
910: 152,312,253,552,977,791
1206: 
912: 659,744,673,240,788,1097,489,97
913: 354,702,968,572,526,4
914: 234,429,20,1009,475,748
915: 605,487,1,855,808,441,1168
916: 118,99,786,1110,550,938,158
917: 980,30,1210,1085,126,1135
918: 1024,347,439,768
919: 395,676,784,1158,170,32
920: 1212,862,193,359,286
921: 39,93,190
922: 478,81,301
923: 1186,1148,1076,230,191,853
924: 405,845,1026,897,796,967
925: 983,804,553,571,789,34
926: 651,389,863,473,905
927: 284,118,30,264,158,1135
928: 424,23,114,530,795
929: 800,710,1149,1165
930: 967,200,1005,465,199,907
931: 661,1171,210,987,272,1129
932: 646,1158,280,1175
933: 1097,104,544,1196,1230,952
934: 882,250,242,1054,42
1211: 137,861,1095,999
936: 149,527,867,1185,1167
937: 117,477,726,536,659,744
938: 451,158,696,916,550
939: 1086,1156,814,1115
940: 609,908,19,374,102,529
941: 1187,1166,1152,996,521
942: 334,953,5,954,1183,844
943: 848,1177,1076,175,405,1026
944: 689,1154,556,83,47,417
945: 23,965,462,616,206,754
946: 958,43,541,136
947: 195,760,957,1045,799,46
948: 121,1233,653,8
949: 189,895,76,362,480
950: 724,544,240,626,144,353
951: 492,290,988,837,538,419
952: 258,350,933,104,1196,1162
953: 334,942,998,256,650,5
954: 131,683,1183,334,942,198
955: 1038,986,17,230,191,434,35
956: 857,362,241,637,125,805
957: 195,947,760,465,199,592
958: 946,43,531,291
959: 848,1177,1068,1163,1106
1215: 66,280,1175,38,1221
961: 652,830,254,637,805
962: 1169,1129,22,1013,1117,1008
963: 166,695,469,219,293,793
964: 601,997,76,1080,1193
965: 424,23,945,29,1029,462
966: 1104,1224,806,697,52
967: 930,1005,199,924,845,796
968: 315,572,913,712,4
969: 984,1206,1088,738
970: 74,220,384,187,145
971: 525,849,1078,568,73,740,24
972: 232,114,100,889,875,750
973: 561,407,92,693,139,127,397
974: 91,221,692,1046,287,161,1112,443,1096
975: 636,294,1194,485,1004,818,1130
976: 1174,855,235,1113,200,1043,772
977: 552,1001,336,880,910,253
978: 251,302,368,567,142
979: 282,94,62,1039,859
980: 917,30,181,1135,782
981: 31,529,181,609,559,11
982: 137,861,402,906,494,61
983: 804,725,925,553,140,142
984: 1206,969,528,1088,95
985: 1141,737,355,1003,1022,40
986: 1038,955,17,470,401,1037
987: 88,272,890,1161,1094,931,1171
988: 566,6,162,951,290,538
989: 906,69,155,734,402
990: 769,357,209,778,323,718
991: 57,204,297,630,1044,883
992: 238,825,310,1090,356,398
993: 345,694,1034,77,300,311,68
994: 869,881,445,546
1197: 603,75,1050,757,3,488,1019
996: 1029,462,941,1187,521,616
997: 601,787,964
998: 334,953,156,256,769,1000
999: 286,1074,382,1211
1000: 769,357,1219,1023,998,156
1001: 977,336,880,128,1128,239
1002: 294,743,1052,818,1066
1003: 393,63,888,985,1022
1004: 521,510,485,1166,975,1130
1005: 930,967,200,845,1113,51
1006: 564,249,735,236,872,476,15
1007: 420,561,407,245,631,1152
1008: 127,349,159,962,22,139,1117
1009: 20,537,437,107,914,748
1010: 821,891,723,509,474,45
1011: 394,106,1123,182,1116
1012: 1066,433,366,1052,208,765,618
1013: 292,34,210,962,1129,1117
1014: 50,767,877,222,176,573
1015: 244,324,14,870,580,551,1057,764,71
1016: 222,547,1096,1030,176,756
1017: 844,1183,36,835
1018: 60,116,1178,1190,620,729
1019: 1041,504,3,1197,1050,742
1020: 315,900,1213,436,630,1144
1021: 564,249,622,84,257,847
1022: 825,1003,888,985,360,40
1023: 540,1189,558,1000,156
1024: 918,534,194,330,347,439,593,126
1025: 732,267,604,296,680
1026: 405,924,1177,943,897,865
1027: 470,1145,401,648,733,391
1028: 698,1147,595,525,1139,689,681
1029: 996,462,1187,619,29,965
1030: 1077,346,1046,1096,1016,756
1031: 466,675,202,1103,423,901
1032: 372,1168,1139,1107,1174,849
1033: 743,45,275,366,840,1052,414
1034: 993,345,1060,147,610,311
1035: 47,417,1205,1198,413,1108
1036: 135,570,421,72,409,820
1037: 1068,827,401,173,1038,986
1038: 986,955,230,1068,1037,1186
1039: 785,369,282,979
1040: 10,207,499,427,894,500,1042,252
1041: 85,143,763,1019,504
1042: 252,1103,423,321,500,1134,1040
1043: 233,1107,56,235,1174,976
1044: 630,1144,1108,1153,991,297
1045: 53,255,59,195,947,799
1046: 974,221,569,287,161,1030,1077,1096
1047: 810,460,466,675,632,517
1048: 1226,1232,731,478,1087
1049: 867,1100,822,823,754,795
1050: 642,1197,603,1019,742
1051: 808,907,441,465,592,757,488
1052: 743,1033,366,1002,1012,1066
1053: 835,671,714,1131
1054: 674,542,705,479,934,42,288
1055: 186,1209,229,694,797,864,77,68
1056: 770,457,1057,1092,71,1093
1057: 270,551,1092,1056,1015,870,71
1058: 495,431,575,1159,1121,452
1059: 1207,436,444,1082,1213,1199
1060: 345,1034,550,225,696,147,87
1061: 134,273,1155,598,583
1062: 89,515,1126,775,877,303,51
1063: 1180,774,1072,1083,876
1064: 372,1,681,1154,448,64
1065: 645,352,146,840,414,717
1066: 1012,819,433,1002,1052,818,1125
1067: 1142,41,403,446,660,1161
1068: 1037,1163,1038,1186,959
1069: 67,1086,1072,770,457,115
1070: 658,479,887,625,410,108,882
1071: 1142,41,551,285,764,1105
1072: 1180,1063,1069,67,876,1081,115
1073: 1229,804,725,292,614
1074: 286,999,340
1075: 461,557,2,514,426,456
1076: 1186,923,1148,848,943,515,175
1077: 1030,853,346,101,691,221,569,1046
1078: 525,971,740,128,336,1147
1079: 388,627,223,798,449,202
1080: 404,1193,964,76,150,322
1081: 876,390,201,722,161,115,1072,221
1082: 416,576,383,444,1207,1059
1083: 1172,164,1063,876,35,1191
1084: 155,734,860,319,72,820
1085: 192,1210,727,342,917
1086: 1069,939,814,1092,457
1087: 1176,554,731,1048
1088: 984,969,528,738,54,524
1089: 354,702,7,351,318,304
1090: 42,288,992,532,331,398
1091: 752,777,174,776
1092: 270,1057,1098,1086,1056,457
1093: 1112,71,180,1056,770,390,692
1094: 660,1161,1122,1116,1171,987
1095: 861,1211,512,37
1096: 547,214,1016,91,974,1046,1030
1097: 489,933,639,97,912,240,544,1230
1098: 270,1092,285,49,1099,814
1099: 501,814,832,49,1098
1100: 867,1049,823,909,1132,1185
1101: 317,777,174,816,634,579,1178
1102: 141,1109,1120,1137,703,1169
1103: 1042,252,423,1031,684,901
1104: 966,1224,748,437,1136,806,467
1105: 482,764,1137,1071,41,88,890
1106: 513,761,1163,70,1177,959
1107: 233,73,1043,1174,849,1032
1108: 1144,1044,1035,1198,1153,413
1109: 141,894,1102,1169,22,427
1110: 786,1132,1185,916,1167,550
1111: 1155,471,565
1112: 71,180,443,1093,91,974,692,627
1113: 235,303,51,200,1005,976
1114: 1127,9,581,1223
1115: 814,666,685,1133,939
1116: 182,1122,1011,1123,660,1094
1117: 693,139,292,1013,962,1008
1118: 1138,1136
1119: 340,1164,512,1184
1120: 88,272,1137,1169,1129,1102
1121: 378,226,65,495,1058,1159
1122: 182,1116,1094,1171,1157
1123: 403,532,331,1011,1116,660
1124: 740,128,1128,24,352,643,717
1125: 818,1130,1195,819,1066,644,463
1126: 515,1062,175,405,845,51
1127: 1114,9,581,563,649,803
1128: 740,128,1124,208,717,239,1001
1129: 1169,962,931,210,272,1120,1013
1130: 818,1125,1195,975,510,1004
1131: 1053,714,1188,133
1132: 786,1110,1185,333,909,1100
1133: 1196,1230,834,666,1115,1156
1134: 449,519,432,500,1042,423,321
1135: 688,316,927,980,917,30,264,782
1136: 1138,437,1118,1104,467
1137: 482,1105,703,88,1120,1102
1138: 437,107,1136,1118
1139: 372,1032,525,849,1028,681
1140: 254,247,149,830,314
1141: 355,985,788,639,97
1142: 1071,41,1067,446,49,285
1143: 291,338,322,505
1144: 630,1044,1108,1213,1198,1020
1145: 470,1027,1150,733,1172,164
1146: 680,211,1220,682,884,1216,1179
1147: 698,595,1028,525,1078,552,336
1148: 923,1076,853,346,89,515
1149: 455,710,929,1165
1150: 456,298,733,1172,1145
1151: 408,751,1184,1164,119,266
1152: 621,1166,1007,245,941
1153: 79,413,1044,1108,188,297
1154: 689,681,944,556,1064,448
1155: 1111,471,1061,273
1156: 939,67,1196,1133,1162
1157: 661,1171,1122,80
1158: 646,932,170,1175,676,919
1159: 1058,378,1121,780,132,452,707
1160: 188,55,19,79,794
1161: 660,1094,41,1067,987,890
1162: 1180,350,952,67,1156
1163: 1068,70,381,959,1106
1164: 340,589,1119,1184,751,1151
1165: 1149,929
1166: 485,621,1152,941,521,1004
1167: 550,225,1110,1185,936,527
1168: 372,1032,1174,855,915,1
1169: 962,1129,22,1120,1109,1102
1170: 440,260,778,1212,179,327
1171: 931,661,1157,1122,1094,987
1172: 164,1083,1150,298,774,1145
1173: 672,523,269,846,420,518
1174: 976,855,1107,1043,1032,1168
1175: 1215,280,1158,932,676
1176: 554,328,1087,301,731,588
1177: 848,943,959,1106,513,1026,865
1178: 60,1018,1190,634,777,1101
1179: 889,1216,1146,211,100
1180: 774,1072,1063,1162,350,67
1181: 62,94
1182: 707,378,483,635,332
1183: 954,683,942,1017,844,36
1184: 783,512,1119,1164,266,1151
1185: 1110,1132,867,1100,936,1167
1186: 923,1076,1038,230,1068,848
1187: 631,941,709,996,1029
1188: 305,714,1131,385,133
1189: 540,1023,641,156,198,628
1190: 188,55,686,620,634,1178,1018
1191: 434,35,101,691,1083,876,201
1192: 404,1193,472
1193: 1080,404,1192,964
1194: 636,975,474,294,171,821,485
1234: 289,662,776