0: 751,408,597,558,1219,496,540
1: 1174,1032,1168,915,487,372
2: 724,104,557,461,1133,1075
3: 85,763,760,757,75,504,603
4: 548,1204,712,968,617,526
5: 650,942,844,1017
6: 716,377,172,290,566,988
7: 702,913,361,442,351,220
8: 18,590,653,121,948
9: 893,543,1114,1088,54
10: 1040,207,252,684,891,516,723,370
11: 981,529,609,762,807,559
12: 722,749,101,569
1214: 753,498,586,348,608,677
14: 244,324,1015,870,1056
15: 46,143,28,257,799,236,872
16: 736,842,66,38
17: 164,35,1145,853,1096,1046
18: 8,590,184,874
19: 609,908,762,188,79,794
20: 299,914,122,549,475,234
21: 1011,106,172,674,329,566
22: 141,894,1137,1169,1109,427
23: 206,754,1004,945,795,822
24: 1124,643,568,517,73,971,740
25: 1203,872,476,305,1131,679
26: 165,261,1111
27: 629,747,170,604,32
28: 85,143,15,1203,872,706
29: 484,1029,1187,965,232,424
30: 1085,284,181,927,980,782
31: 464,981,181,727,312,1085
32: 604,296,170,784,27
33: 1160,794,762,807,226,828
34: 789,80,571,925,210,1013
35: 17,164,1077,1191,514,298,853
36: 227,835,683
37: 1184,512,1068,861,1095
38: 66,1215,16,585,1175
39: 921,190,259,148
40: 825,737,1086,1162,360,834
41: 1071,446,398,890,1105
42: 288,934,1090,238,242,310
43: 271,531,541,946,958
44: 112,458,358,103
45: 743,1033,1010,509,840,275,414
46: 143,763,15,947,799,957
47: 1035,944,911,1205,374,574,413
48: 742,160,1041,109,611
49: 501,832,1098,1057,270,285
50: 233,224,767,877,303,235
51: 303,1113,1126,1062,1005
52: 274,557,966,721,755,129
53: 231,481,59,255,195,1045
54: 163,1088,9,543,1217
55: 297,686,620,188,1160,794
56: 995,1107,73,233,235,976,1043
57: 816,579,991,883,1204,712
58: 641,496,341,713,878,759
59: 678,263,255,53,847,1045
60: 392,116,777,113
61: 494,281,402,69,982
62: 859,1181,94,979
63: 790,854,393,246,669,612
64: 605,915,487,96,448,383
65: 226,833,316,1058,495,1121
66: 1215,280,38,16
67: 390,115,161,1069,1081,814,770
68: 797,864,229,186,1209,694
69: 728,578,168,61,281
70: 119,266,381,1076,1163,761
71: 1112,223,180,1056,1093,244,519
72: 820,860,319,422,570,486
73: 995,1107,56,971,233,24,568
74: 970,1197,160,384,1019
75: 745,757,711,3,504,603
76: 949,964,1080,150,480
77: 300,694,797
78: 399
79: 188,1153,413,1205,908,19
80: 789,34,1157,1161,809,571
81: 301,922,602,308,588
82: 631,1007,561,245,621,941
83: 595,689,1154,574,268,944
84: 904,720,628,622,678,263
85: 143,763,28,3,504,706
86: 753,498,836,309
87: 147,640,225,696,701,1060
88: 931,987,482,1105,1137,1109
89: 1014,877,775,346,515,1062
90: 91,547,373,191
91: 90,176,547,373,191,221,214,222
92: 1129,693,139,518,973
93: 1218,493,921
94: 412,979,554,1181,62
95: 124,606,984,418,771
96: 745,711,605,64,383,416,576
97: 355,829,1141,788,1099,489
98: 396,816,548,1204
99: 786,909,194,333,1024,330
100: 972,232,211,484,889
101: 12,722,749,774,691,1077,569,853
102: 152,791,278,464,529,940
103: 358,586,458,44,667,511
104: 724,544,2,1097,1133,1196
105: 382,453,615,335,1036
106: 21,1011,162,566,824,1116,1123
107: 537,748,437,1138
108: 888,882,479,524,612,1070
109: 459,469,633,1041,48,611
110: 1174,1032,1107,1043,1139,849
111: 752,776,174
112: 520,458,44,261
113: 174,777,60
114: 972,232,750,928,424,530
115: 1093,67,390,161,770,1056
116: 1018,1190,729,392,60
117: 477,726,937,885,826
118: 916,330,158,593,284,917
119: 70,266,1151,408,761,341
120: 192,342,880,239,545,768,253
121: 948,8,1165
122: 599,885,549,20,475,216
123: 898,516,397,159,207,407,169
124: 606,95,984,418,771,790,801
125: 271,805,362,956,902,480
126: 192,1210,768,439,593,917
127: 349,962,397,139,159,693
128: 552,977,687,336,1001,935,130,1078,522,1208
129: 755,243,966,1083,274,52
130: 1078,522,336,128
131: 954,1021,198,904,564,735
132: 707,378,1159,780
133: 671,714,1053,385,293,670
134: 307,583,1061,803,649,435
135: 421,422,308
136: 655,652,541,946
137: 861,1211,982,906,335
138: 539,536,477,937
139: 127,397,92,693,973,407
140: 368,1073,978,142,983,343
141: 22,894,1042,500,703,1137
142: 302,978,553,1122,140,368,983
143: 46,85,763,28,15
144: 950,626,475,216,429,353
145: 400,277,187,970
146: 723,509,840,901,684,1065,645
147: 640,87,610,1034,1060
148: 851,259,39,387
149: 247,773,527,830,1100,314
150: 902,480,322,338,76,1080
151: 365,319,1118,153
152: 102,312,910,879,791,253,464
153: 734,1084,1118,151,319,820
154: 668,306,503,875,562
155: 820,860,734,1036,989
156: 1189,1023,334,998,720,198
157: 382,453,594,177,286,359
158: 916,118,284,451,938,927
159: 127,349,397,207,499,123
160: 742,657,48,715,1019,74
161: 67,390,115,1081,201,287
162: 566,988,106,824,538
163: 803,447,649,54,1088,1217,690
164: 17,35,1191,1145,733
165: 26,261,598,831,520
166: 1218,293,963,265,493
167: 716,377,217,326,215,607,430
168: 380,497,648,578,69,281
169: 407,171,397,898,1194,516,123
170: 676,919,1158,27,32
171: 407,169,245,1194,485,621
172: 716,856,6,329,566,21
173: 1145,1027,811,839,470,827
174: 113,317,777,776,111
175: 346,515,1126,1148,1016,1030,405,943
176: 91,547,756,214,1014,775,222
177: 594,664,248,157,453
178: 430,667,344,831,326,520,458
179: 546,852,327,778,323
180: 1112,71,223,627,1079,798
181: 981,31,1085,30,559,782
182: 1116,1157,1161,1123,1067,660
183: 563,746,425,665
184: 387,851,18,399
185: 196,535,503,415,886
186: 1209,314,830,1055,229,68
187: 203,695,793,970,145
188: 1153,79,19,794,297,55
189: 895,949,668,306,362
190: 400,259,203,39,921
191: 1096,373,434,90,91,547,654,923
192: 126,1210,342,120,768,439
193: 785,369,1212,862,327
194: 507,333,534,1024,99
195: 947,199,796,53,231,1045
196: 535,185,237,1216,1179
197: 600,364,1175,1073,269
198: 131,954,156,334,904,720
199: 195,947,796,817,592,957,465
200: 491,855,976,1113,930,1005,907,766,772
201: 774,691,876,1081,390,161,428,722,287
202: 388,1079,449,423,466,1031
203: 187,493,695,190,921
204: 297,686,634,1044,579,1101
205: 653,304,792,354,1089
206: 754,644,463,23,584,1004
207: 10,1040,499,159,516,123
208: 275,1001,414,1065,717,1128,522
209: 718,990,769,320,276,256
210: 1013,789,34,661,272,1102
211: 1146,484,619,100
212: 283,354,617,526,702,304
213: 838,548,283,617,363
214: 221,974,627,176,91,508,222
215: 663,607,813,167,716,856
216: 626,475,144,122,885,719
217: 873,435,326,607,430,167
1212: 920,359,862,1074,193
219: 679,469,1188,1050
220: 351,318,442,1197,7
221: 974,214,692,749,569,373,91
222: 1014,775,214,176,91,508,573
223: 71,180,244,519,1079,449
224: 50,233,767,810,517,568
225: 550,1185,696,345,1060,87
226: 807,833,65,33,1121,828
227: 36,835,843,339,683,714
228: 672,1173,420,267,560,631,709
229: 1055,652,186,655,864,68
230: 1038,959,401,955,1148,848
231: 53,481,897,924,903,195,796
232: 100,114,972,484,29,424
233: 50,224,235,568,73,56
234: 429,1136,20,914,475
235: 303,1113,50,233,56,976
236: 1006,249,257,15,872,476
237: 196,535,841,1216
238: 242,310,360,42,501,1098
239: 366,880,1208,545,765,120
240: 950,626,673,912,489,544
241: 1130,386,928,822,530,857
242: 238,360,250,825,42,934
243: 578,755,129,1172,1083,728
244: 432,324,14,71,223,1056,519
245: 407,171,561,973,82,621
246: 528,1022,606,669,63,790
247: 149,527,1049,823,1125,1100
248: 781,262,664,594,850,177
249: 236,1006,678,622,257,847
250: 825,985,888,882,934,242
251: 302,978,375,836,899,567
252: 1103,684,1042,321,10,1040
253: 152,312,910,879,880,868,977,342,120
254: 637,647,961,1100,386
255: 59,263,759,53,481,513
256: 650,769,209,320,953
257: 799,847,236,1006,249,15
258: 1133,952,1075,514,298,350
259: 190,400,39,379,387,148
260: 1170,440,778,597,357,1219
261: 26,165,112,520
262: 781,588,248,602,409,664
263: 59,678,255,759,713,84,628
264: 1135,927,980,451,701,688
265: 670,293,166
266: 119,70,381,783,1076,1151
267: 732,560,1025,228,709
268: 278,574,1147,83,595,791
269: 846,725,1073,343,364,197
270: 939,1057,1092,666,49,1098
271: 43,531,125,805,902
272: 1169,1109,1102,931,661,210
273: 1111,471,1155,438,565,425,1061
274: 52,557,461,755,129,1063
275: 208,1001,414,1033,45,366
276: 320,869,718,209
277: 145,400,318,379
278: 374,574,268,102,791,940
279: 448,406,383,576,1082,444
280: 66,1215,932,646
281: 494,450,61,69,380,168,391
282: 445,369,979,506,859,881
283: 212,354,617,838,389,213
284: 1085,30,917,118,158,927
285: 1071,446,832,49,1057,551,457
286: 999,157,382,920
287: 692,428,722,443,691,201,390,161
288: 42,934,542,1090,1054,705
289: 863,838,662,363,1091,741
290: 492,951,344,377,6,988
291: 1143,338,531,958
292: 983,343,925,804,1013,725
293: 1188,385,963,133,265,670,166
294: 636,313,474,433,743,1010,1002
295: 332,392
296: 604,32,784,560,1025
297: 55,686,204,188,1153,1044
298: 774,350,258,514,35,1077
299: 20,1009,914,549
300: 311,77,993,694
301: 81,922,588,1176
302: 251,978,375,142,858,1122
303: 51,1113,235,877,1062,50
304: 792,205,702,351,212,354
305: 1053,1131,25,679,1188,385
306: 154,668,562,189
307: 134,1061,563,1127,803,649
308: 81,135,421
309: 836,899,842,86
310: 238,42,1090,992,501
311: 300,993,1034,577
312: 152,879,253,342,727,464,31
313: 636,474,294,433
314: 186,1209,149,773,830,1167
315: 968,572,900,883,1020,712
316: 833,782,65,1135,980,495
317: 777,1178,776,174
318: 351,411,220,277
319: 365,151,422,153,820,72
320: 276,209,650,256
321: 423,1134,1042,252,1103
322: 150,338,1080,404,505,1143
323: 179,546,778,718,990
324: 432,244,14,1015,580,703,519
325: 329,705,658,813,856
326: 831,873,217,178,430,167
327: 179,852,785,193,1170
328: 554,1176,781,850,412
329: 674,325,705,856,172,21
330: 916,118,593,1024,786,99
331: 992,532,403,356,398,1142
332: 1182,295,635,376,729
333: 507,194,463,584,909,99
334: 942,953,998,156,954,198
335: 906,105,382,137,1211,999
336: 552,977,687,1147,128,130,1078,698,591
337: 730,436,1207,468,657,587,715
338: 150,902,322,531,1143,291
339: 843,758,227,1053,1131,714
340: 589,1119,1074,440
341: 58,496,119,408,878,761
342: 192,1210,727,120,312,879,253
343: 983,292,804,140,1073,269,725
344: 178,430,667,377,511,492,290
345: 993,1167,1060,225,1185
346: 515,1062,175,756,1016,775,89
347: 1052,618,1012,534,918
348: 358,586,753,1214
349: 127,962,159,1169,427,499
350: 298,774,876,258,952,1072
351: 411,318,220,7,702,304,792
352: 645,717,675,632,1124,643
353: 429,721,950,144,724,557
354: 212,283,304,205,389,1089
355: 97,1162,1099,639,1156
356: 501,832,992,331,398,446
357: 558,1219,260,778,990,1000
358: 103,586,348,44
359: 1212,920,862,157,594,704
360: 238,242,825,40,834
361: 7,913,730,442,587,572
362: 956,189,949,480,125
363: 662,396,548,289,838,213
364: 600,197,846,269,395,523
365: 151,319,422
366: 239,1208,1033,275,1001,765
367: 415,708,668,601,787,895
368: 140,567,585,1073,978,142
369: 282,785,445,193,506,862
370: 723,10,684,891
371: 821,891,723,509
372: 681,1154,1,1032,487,1064
373: 569,1096,191,749,221,90,91,547
374: 278,574,1205,47,908,940
375: 251,302,498,677,858,836
376: 866,635,1121,828,729,332
377: 167,716,6,430,344,290
378: 132,707,483,1058,1159
379: 874,387,400,259,277
380: 648,168,281,1027,391
381: 70,266,783,512,1076,1037
382: 157,105,453,335,286,999
383: 448,279,64,96,576
384: 793,611,1050,970,74
385: 1188,293,305,1053,133,670
386: 241,857,1125,647,254
387: 184,379,259,851,148
388: 202,1079,460,798,466,1047
389: 838,283,354,926,1089
390: 1093,67,115,161,201,287,443
391: 1186,839,380,450,281,1027
392: 60,116,295
393: 63,854,612,888,985,779
394: 1011,674,542,1090,532,403
395: 784,919,600,364,672,523
396: 662,363,776,98
397: 127,139,159,407,169,123
398: 1142,890,331,356,832,446,41
399: 78,184,851
400: 145,190,259,277,379
401: 986,955,470,1038,230,827
402: 613,906,989,61,982
403: 532,331,394,1123,1142,660
404: 1080,1193,1192,322,505,472
405: 1026,924,845,943,1126,175
406: 448,279,1064,556,444,417
407: 171,169,245,397,139,973,123
408: 1151,751,0,119,496,341
409: 664,486,421,570,602,262
410: 1217,625,447,887,1070
411: 351,318,874,792,590
412: 94,979,506,554,328,850,704
413: 1153,79,1108,911,1205,47,1198
414: 275,208,840,1065,45
415: 367,708,886,185,668
416: 1207,576,468,745,96,642
417: 444,1199,556,406,1035,1198
418: 539,771,536,124,95,801,656
419: 837,858,538,802
420: 561,518,228,1173,631,709
421: 135,570,602,308,409
422: 135,570,365,319,72
423: 1134,321,202,449,1103,1031
424: 795,928,29,965,114,232
425: 563,183,438,665,273,1061
426: 456,1191,1063,1075,514,461
427: 1169,22,894,349,499
428: 722,287,691,201
429: 234,721,353,475,144
430: 178,344,217,326,167,377
431: 688,575,452,700,640
432: 244,324,580,703,500,519,1134
433: 636,313,294,1002,1012,819,975
434: 986,955,1046,1096,191,923
435: 873,217,134,583,803,690,607
436: 730,900,337,1059,1207,1082
437: 1118,1138,748,107,806
438: 892,665,565,425,273,471
439: 918,768,1024,192,126,593
440: 1170,260,1074,340,589,597
441: 605,915,808,1168,1051,488
442: 587,1019,7,361,220
443: 692,287,1093,390,1112,974
444: 1199,417,406,279,1082,1059
445: 282,785,369,881,994,852,1039
446: 1071,285,41,356,832,398
447: 163,410,663,690,887
448: 406,279,383,1064,64,487
449: 202,1079,223,423,519,1134
450: 494,281,1186,391,1068
451: 696,938,701,158,264,927
452: 431,575,700,1159,780,815
453: 157,105,382,664,615,177
454: 1012,819,818,644,507,534
455: 1149,1165,800,710
456: 426,1191,1063,497,648,733
457: 870,551,770,1057,1069,285
458: 112,520,44,178,667,103
459: 679,109,469,1203,633,706
460: 508,798,573,388,810,1047
461: 274,557,2,426,1063,1075
462: 1187,965,996,945,510,616
463: 206,644,584,507,333
464: 981,529,31,727,102,152,312
465: 592,817,199,796,907,1051
466: 1031,675,388,202,632,1047
467: 806,1150,1104,748,1136
468: 1207,416,742,657,642,337
469: 459,679,109,219,633,611,1050
470: 401,986,1046,173,1145,827
471: 273,1111,438,565
472: 505,404,1192
473: 905,863,651,926,741
474: 636,313,294,821,1194,485,1010
475: 144,216,122,20,234,429
476: 25,872,236,1006,758,1131
477: 117,726,937,138
478: 731,533
479: 108,882,658,1070,1054
480: 150,902,949,76,362,125
481: 53,231,865,513,897,255
482: 580,703,502,764,1105,1137,88
483: 1058,635,1121,707,378,1182
484: 619,29,1029,211,100,232
485: 621,1166,171,1194,636,474
486: 409,664,615,570,860,72
487: 915,64,1,372,448,1064
488: 757,711,1051,605,441
489: 1099,912,673,788,240,97
1216: 682,841,196,237,1179
491: 855,976,200,772
492: 608,511,951,290,344
493: 203,695,963,93,166,1218
494: 450,61,281,861,982,1068
495: 1058,1159,1135,316,65,575
496: 58,641,341,0,408,540
497: 648,168,578,755,456,1063
498: 753,1214,86,677,836,375
499: 1040,207,427,894,349,159
500: 141,1042,703,432,1134
501: 356,832,49,1098,238,310,992
502: 482,580,703,1137
503: 889,875,185,154
504: 603,633,706,1041,85,3,75
505: 472,404,322,1143
506: 412,979,704,862,282,369
507: 194,333,534,454,644,463
508: 460,798,573,627,214,222
509: 723,146,840,371,821,891,45,1010
510: 521,818,616,462,945,1004
511: 608,492,667,344,103,586
512: 37,1184,1068,1037,381,783
513: 865,481,1106,878,255,759
514: 426,1191,1075,258,298,35
515: 346,1126,1062,175,1016,89
516: 898,891,123,10,207,169
517: 810,632,1047,224,24,643,568
518: 420,561,973,1117,92,1173
519: 1134,432,244,324,71,223,449
520: 112,458,165,261,831,178
521: 818,510,616,1166,819,975
522: 1128,130,1078,740,208,1001,128
523: 672,1173,364,1117,846,395
524: 669,612,969,625,1070,108
525: 698,849,1107,971,1078,740
526: 212,617,968,702,913,4
527: 247,149,773,1049,936,1185
528: 1022,1003,246,738,669,969
529: 464,981,11,102,609,940
530: 871,857,114,750,928,241
531: 43,271,902,338,291,958
532: 992,331,403,1090,394
533: 731,478
534: 507,194,1012,454,347,918,1024,896
535: 196,185,237,886
536: 418,539,138,937,656,659
537: 1104,748,107,1009
538: 824,951,162,988,837,419
539: 418,771,536,138
540: 1189,1023,0,558,641,496
541: 1140,652,43,946,136
542: 288,1090,674,705,394
543: 738,893,9,54,1217,625,969
544: 724,104,950,240,912,1097
545: 880,239,618,765,768,120
546: 179,852,323,1039,869,718
547: 90,176,91,756,373,191,654,923
548: 4,1204,617,363,98,213
549: 599,122,20,299
550: 936,225,1185,1110,696,938
551: 870,457,1071,285,1015
552: 868,977,687,1147,336,128,910
553: 809,1122,571,142,983,925
554: 1087,328,1176,412,94
555: 884,841,699
556: 1154,406,1064,1035,944,417
557: 274,52,461,721,353,724,2
558: 357,1219,0,1000,1023,540
559: 807,833,782,981,11,181
560: 267,1025,784,228,672,296
561: 420,518,973,245,631,82
562: 871,875,750,154,306
563: 746,183,425,1127,307,1061
564: 1006,904,622,131,735
565: 438,892,273,471
566: 162,988,172,6,21,106
567: 368,585,899,251,978,736
568: 24,643,517,233,224,73,971
569: 853,1096,373,12,722,749,101,221
570: 421,422,72,409,486
571: 553,809,80,34,925
572: 315,968,730,900,913,361
573: 508,460,1014,222,810,767
574: 278,374,268,83,944,47
575: 688,431,452,1135,495,1159
576: 1207,416,1082,96,279,383
577: 624,610,1034,311
578: 755,243,728,69,497,168
579: 816,57,1101,991,1044,204
580: 482,703,502,764,432,324,1015
581: 1114,1127,746
582: 646,1158,629
583: 134,1155,598,873,435
584: 206,754,463,333,867,1066,909
585: 368,567,736,38
586: 358,103,348,608,511,1214
587: 442,715,1019,730,337,361
588: 781,262,81,301,602
589: 340,1164,440,751,597
590: 8,18,411,874,653,792
591: 595,1028,698,1147,336
592: 760,957,465,199,1051
593: 330,118,439,1024,126,917
594: 850,704,177,248,157,359
595: 83,591,689,1028,1147,268
596: 855,1168,1174
597: 1219,589,440,260,751,0
598: 831,873,1155,583,165
599: 122,885,826,549
600: 364,197,1175,676,919,395
601: 997,787,964,367,895
602: 81,421,409,262,588
603: 504,1041,3,745,75,642
604: 296,32,747,27,1025,680
605: 441,915,64,488,711,96
606: 124,95,984,1022,246,790
607: 215,663,690,435,217,167
608: 511,492,951,586,1214,677,837
609: 908,19,940,762,529,11
610: 147,640,1034,700,577,624
611: 384,1050,109,469,48
612: 669,524,63,393,108,888
613: 402,728,697,1172,989
614: 1117,846,725,804,1129,1120
615: 664,486,860,1036,105,453
616: 521,510,1166,941,996,462
617: 212,283,526,548,4,213
618: 1052,347,765,545,918,768
619: 484,1029,732,1025,211
620: 55,686,634,1160,866,1018
621: 485,1166,941,171,245,82
622: 904,84,678,1006,249,564
623: 905,651,710
624: 577,610,700,815
625: 410,1217,543,524,969,1070
626: 950,144,216,240,719,673
627: 974,214,1112,180,508,798
628: 84,720,641,713,1189,263
629: 699,747,27,582
630: 991,1144,883,1020,1044,1108
631: 709,1007,82,228,420,561
632: 1047,517,466,675,352,643
633: 504,706,1041,459,109,469
634: 686,204,620,1101,1018,1190
635: 376,1121,483,1182,332
636: 313,474,294,433,1194,485,1166,975
637: 647,254,961,956,805,1140
638: 933,1115,639,1156,685,1092,1180
639: 1099,1162,355,1156,638,933
640: 147,87,610,701,688,431,700
641: 58,496,713,1189,540,628
642: 742,745,603,1041,416,468
643: 24,1124,568,632,517,352
644: 206,463,1004,818,454,507
645: 1065,717,352,901,675,146
646: 1158,582,280,932
647: 637,254,857,386,956,1195
648: 380,497,168,456,1027,733
649: 163,803,1088,1127,134,307
650: 5,256,320
651: 926,905,623,473
652: 1055,1140,541,229,136,655
653: 792,205,8,590,1089,948
654: 1016,923,191,547,756
655: 136,652,229,864
656: 1141,418,536,801,659
657: 742,160,1207,468,337,715
658: 813,887,1070,479,325,1054
659: 744,788,536,937,656,1141
660: 1142,1067,403,182,1161,1123
661: 1171,931,789,210,272,1102
662: 363,396,776,289,752,1091
663: 215,690,607,447,813,887
664: 409,615,486,262,248,453,177
665: 438,892,183,425
666: 834,685,1098,270,1092
667: 178,344,458,103,511
668: 154,306,415,367,189,895
669: 524,612,969,528,246,63
670: 265,133,385,293
671: 133,714,835
672: 228,1173,523,784,395,560
673: 719,744,788,626,240,912,489
674: 329,705,542,21,1011,394
675: 466,1031,901,632,645,352
676: 170,919,932,600,1175,1158
677: 837,858,608,498,1214,375
678: 59,263,84,622,847,249
679: 459,469,219,1203,25,305,1188
680: 1146,747,604,682,884
681: 1154,372,1139,1032,689,1028
682: 884,841,1216,1146,680,1179
683: 843,1021,1183,36,227
684: 901,252,1103,10,891,723,370,146
685: 1156,834,666,638,1092
686: 297,55,204,620,634
687: 552,977,336,128
688: 431,575,701,264,1135,640
689: 83,595,1028,681,1154,944
690: 663,607,163,803,447,435
691: 774,876,201,1077,428,722,101,287
692: 722,749,287,443,221,974
693: 1129,92,1120,1008,127,962,139
694: 993,1167,1209,797,68,300,77
695: 187,203,493,963,793
696: 451,938,701,550,225,87
697: 734,1084,1150,1172,613,989
698: 525,849,1078,336,591,1028
699: 629,747,555,884
700: 431,452,640,610,624,815
701: 451,696,264,640,87,688
702: 7,913,351,212,526,304
703: 482,580,502,1137,432,324,141,500
704: 594,850,412,506,359,862
705: 674,325,329,288,542,1054
706: 504,633,85,28,1203,459
707: 132,378,483,1182
708: 415,367,886,787
709: 631,1152,1007,228,420,732,267
710: 800,455,623
711: 745,488,757,75,96,605
712: 4,1204,883,315,968,57
713: 58,641,263,759,628
714: 671,133,339,227,835,1053
715: 587,1019,160,657,337
716: 167,377,856,172,6,215
717: 1065,645,352,1124,208,1128
718: 990,209,546,323,869,276
719: 744,673,726,885,626,216
720: 904,84,628,156,1189,198
721: 966,429,353,52,557
722: 12,692,428,749,101,287,691,201,569
723: 370,509,146,840,10,901,684,371,821,891
724: 104,544,2,950,353,557
725: 614,846,269,292,343,804
726: 117,477,937,885,826,719,744
727: 1210,342,312,1085,464,31
728: 613,69,578,243,1172
729: 866,376,1018,116,332
730: 900,436,337,587,572,361
731: 533,478,1087,1048
732: 267,1025,709,619,1029
733: 1145,1027,456,1191,648,164
734: 697,1084,153,155,820,989
735: 843,758,131,1021,1006,564
736: 16,899,842,567,585
737: 825,985,779,40,1086
738: 893,543,528,1003,969
739: 1148,1016,923
740: 1128,1078,522,24,1124,971,525
741: 863,289,1091,473
742: 160,657,642,48,1041,468
743: 1033,45,1010,1002,294
744: 719,659,673,788,726,937
745: 75,711,96,603,416,642
746: 563,183,581,1127
747: 629,699,27,604,884,680
748: 537,1104,107,437,806,467
749: 12,692,722,101,569,373,221,974
750: 114,972,875,562,871,530
751: 1151,0,408,589,1164,597
752: 111,1091,662,776
753: 498,1214,86,348
754: 206,23,584,822,1130,1066
755: 578,243,129,274,52,1063,497
756: 176,547,654,1016,775,346
757: 488,75,711,760,3
758: 843,735,339,1006,476,1131
759: 263,255,878,58,713,513
760: 592,957,763,3,757
761: 1106,878,119,70,1163,341
762: 609,19,11,807,33,794
763: 46,85,143,3,760,957
764: 482,580,1105,1071,1015
765: 1052,618,1033,366,239,545
766: 907,772,930,200
767: 50,224,573,1014,877,810
768: 918,439,618,545,192,126,120
769: 990,209,1000,953,998,256
770: 870,457,1069,67,115,1056
771: 418,539,124,95
772: 808,907,1168,766,491,855,976,200
773: 149,527,1185,314,1167
774: 298,350,691,876,201,1077,101
775: 1014,222,89,176,756,346
776: 662,396,317,174,752,111
777: 317,1178,1190,60,113,174
778: 179,323,1170,260,357
779: 985,737,854,393,1086
780: 815,452,132
781: 262,588,248,328,850
782: 833,316,559,30,181,1135,980
783: 266,381,1184,512,1164,1151
784: 919,395,672,296,32,560
785: 445,193,369,852,327
786: 909,1132,1110,99,916,330
787: 601,997,367,708
788: 659,744,673,1141,97,489
789: 80,34,1161,1171,661,210
790: 63,854,801,246,124,606
791: 102,152,910,1147,278,268
792: 653,304,205,351,411,590
793: 384,1050,187,695,970
794: 1160,33,19,762,188,55
795: 928,424,822,965,945,23
796: 195,199,231,967,817,903,465
797: 864,68,694,77
798: 508,460,180,627,388,1079
799: 257,847,1045,947,46,15
800: 710,455,1149,929
801: 790,854,124,418,656
802: 1094,419,809,1122
803: 163,649,134,307,435,690
804: 292,343,1013,614,725,1120
805: 271,125,956,637,1140
806: 467,1150,748,1118,437,1084
807: 226,833,559,11,762,33
808: 907,1168,772,1051,441
809: 553,1122,571,1094,802,80
810: 1047,517,460,573,224,767
811: 1186,839,173,1038,1037,827
1213: 1199,900,1059,1144,1020
813: 658,887,215,663,856,325
814: 1180,1081,939,1069,1092,67
815: 780,452,700,624
816: 57,579,1101,1204,1178,98
817: 930,967,199,796,907,465
818: 521,510,819,454,975,644,1004
819: 1012,454,975,433,521,818
820: 155,860,72,319,734,153
821: 898,371,891,1194,723,509,474,1010
822: 795,928,754,23,1130,241
823: 867,1066,1125,1130,247,1049
824: 538,1094,162,106,1116
825: 250,985,737,40,242,360
826: 599,885,117,726
827: 1038,173,811,839,401,470
828: 866,376,1121,226,1160,33
829: 1141,97,1086
830: 149,961,1100,1055,186,314
831: 598,873,326,165,520,178
832: 356,501,49,398,446,285
833: 807,226,316,559,782,65
834: 1156,666,685,40,1162,360
835: 36,227,671,714
836: 309,899,498,86,251,375
837: 677,858,419,608,951,538
838: 863,289,389,213,283,363
839: 1186,391,811,173,1027,827
840: 723,509,146,1065,45,1010,414
841: 555,682,884,1216,237
842: 309,899,736,16
843: 758,735,339,683,1021,227
844: 954,942,5,1017,1183
845: 924,405,1126,967,1005
846: 1117,614,269,725,364,523
847: 257,799,1045,59,678,249
848: 1030,1177,1163,955,230,959,1148
849: 525,1139,698,1107,971,110,1028
850: 594,704,781,248,328,412
851: 148,184,387,399
852: 179,546,327,785,445,1039
853: 569,1096,17,35,1077,101
854: 63,790,393,801,779
855: 596,491,976,1043,200,1168,772,1174
856: 716,172,215,813,325,329
857: 871,530,386,241,1195,647
858: 677,837,419,302,375
859: 62,979,282,881
860: 155,820,72,615,486,1036
861: 137,1211,1095,494,37,1068
862: 1212,359,704,506,193,369
863: 289,838,926,741,473
864: 797,68,229,655
865: 481,513,897,1106,1026
866: 376,828,729,1160,620,1018
867: 823,1066,584,909,1132,1049
868: 552,977,880,910,253
869: 1039,546,718,276
870: 551,457,770,14,1015,1056
871: 562,530,857,750,1195
872: 1203,25,476,236,28,15
873: 598,831,435,217,326,583
874: 379,411,18,590
875: 889,503,972,750,154,562
876: 774,350,691,201,1081,1072
877: 1014,89,1062,50,767,303
878: 1106,761,58,341,513,759
879: 152,312,253,342
880: 239,1208,545,868,977,120,253
881: 994,859,282,445
882: 108,888,479,250,934,1054
883: 991,630,1020,315,57,712
884: 555,682,841,699,747,680
885: 599,122,826,117,726,719,216
886: 415,708,535,185
887: 658,813,1070,447,410,663
888: 108,882,612,393,250,985
889: 503,875,100,972
890: 398,1142,1067,41,987,1105
891: 898,371,821,516,10,684,723,370,509
892: 438,665,565
893: 738,9,543
894: 141,22,1042,427,1040,499
895: 189,949,367,668,601
896: 918,1024,534
897: 231,865,481,1026,924,903
898: 821,891,1194,516,123,169
899: 836,309,842,251,736,567
900: 730,436,1059,1213,1020,315,572
901: 1103,684,1031,675,723,146,645
902: 150,480,338,271,531,125
903: 967,924,231,897,796
904: 84,720,622,131,198,564
905: 623,473,651
906: 335,1036,989,402,137,982
907: 808,766,772,1051,930,817,200,465
908: 609,19,940,374,1205,79
909: 786,1132,99,584,333,867
910: 152,791,253,552,868,977,1147
911: 1205,47,413
912: 1099,1097,489,673,240,544
913: 7,702,361,968,572,526
914: 20,299,1009,1104,234,1136
915: 605,441,64,487,1168,1
916: 330,118,158,786,1110,938
917: 1085,284,126,1210,118,593
918: 768,439,1024,896,618,347,534
919: 170,676,784,395,600
920: 1212,359,1074,286
921: 39,203,93,190
922: 81,301
923: 739,654,1148,1016,191,986,955,434,547
924: 1026,845,405,231,897,967,903
925: 983,292,553,571,34,1013
926: 651,1089,863,389,473
927: 264,980,158,284,30,451
928: 795,424,822,114,530,241
929: 1149,800
930: 967,817,1005,200,907,766
931: 1171,661,987,88,1109,272
932: 1215,280,1175,646,1158,676
933: 638,1115,1099,1097,639,1196
934: 42,288,1054,882,250,242
935: 1001,1208,128
936: 550,1185,1132,1110,527,1049
937: 117,477,726,536,138,659,744
938: 451,696,1110,916,158,550
939: 1057,1069,270,1092,814
940: 609,908,102,278,374,529
941: 621,1166,1007,82,996,616
942: 334,953,5,954,844,1017
943: 1026,405,1030,1177,175
944: 1035,47,83,689,556,1154,574
945: 965,462,510,795,23,1004
946: 958,43,541,136
947: 195,199,799,1045,957,46
948: 121,653,8
949: 189,895,76,362,480
950: 626,144,240,353,724,544
951: 608,492,290,988,837,538
952: 258,1133,1196,1115,1072,350
953: 334,942,998,769,256
954: 131,1021,844,198,334,942
955: 401,986,434,230,1148,923,848
956: 362,1195,637,647,125,805
957: 592,760,947,199,46,763
958: 946,43,531,291
959: 1038,230,1076,848,1163
1215: 66,280,932,38,1175
961: 637,254,1100,830,1055,1140
962: 127,349,1008,1169,1102,693
963: 1188,293,493,695,166
964: 601,997,76,1080,1193
965: 1187,462,945,29,795,424
966: 721,1136,1083,52,129
967: 930,817,1005,903,924,845,796
968: 315,572,913,4,712,526
969: 669,524,738,543,528,625
970: 74,1197,793,384,187,145
971: 1107,73,24,568,740,525,849
972: 100,114,232,750,889,875
973: 561,518,92,139,407,245
974: 221,627,214,692,749,443,1112
975: 819,1166,636,433,521,818
976: 491,855,1043,200,1113,235,56,772
977: 552,868,687,336,128,880,1208,910,253
978: 251,302,142,140,368,567
979: 412,94,506,62,859,282
980: 264,1135,927,30,316,782
981: 464,529,11,31,181,559
982: 137,402,906,494,61
983: 292,343,925,142,553,140
984: 124,606,95,1022
985: 250,825,737,779,393,888
986: 401,955,1046,434,470,923
987: 1171,931,88,890,1067,1105
988: 162,566,6,951,290,538
989: 906,734,697,155,613,402
990: 718,769,209,1000,323,357
991: 883,630,1044,57,579
992: 532,331,1090,310,356,501
993: 345,694,1060,1034,300,311
994: 881,445,1039
995: 1107,73,56
996: 1187,462,1152,1007,941,616
997: 601,787,964
998: 334,953,769,1000,156,1023
999: 286,335,382,1211
1000: 990,769,357,558,1023,998
1001: 275,208,935,1128,522,366,1208,128
1002: 743,1033,294,433,1012,1052
1003: 528,1206,1022,738
1004: 206,644,23,945,818,510
1005: 930,967,1126,845,51,1113,200
1006: 236,249,564,622,257,758,735,476
1007: 631,709,1152,82,941,996
1008: 1013,1102,1120,693,962
1009: 299,914,537,1104
1010: 743,45,821,509,840,474,294
1011: 21,106,394,674,1123
1012: 819,454,433,1002,1052,347,534
1013: 210,1008,34,292,925,804,1120
1014: 877,775,222,89,176,573,767
1015: 324,14,1071,870,551,580,764
1016: 739,654,1148,923,756,346,515,175
1017: 1183,942,5,844
1018: 116,1190,620,634,866,729
1019: 442,587,715,160,74,1197
1020: 1144,883,630,1213,900,315
1021: 131,954,1183,843,735,683
1022: 528,1206,1003,246,606,984
1023: 156,1189,540,558,1000,998
1024: 918,439,896,194,534,99,330,593
1025: 732,267,560,604,296,619
1026: 924,405,943,1177,865,897
1027: 173,1145,733,380,648,391,839
1028: 591,595,689,1139,698,849,681
1029: 484,619,29,732,1152,1187
1030: 1177,848,1148,175,943
1031: 466,675,423,202,901,1103
1032: 1174,1,110,1139,681,372
1033: 743,45,1002,275,1052,765,366
1034: 147,610,993,1060,311,577
1035: 944,47,1198,556,417
1036: 906,155,860,615,105
1037: 1038,1076,1186,811,512,381
1038: 230,959,1076,1037,827,811,401
1039: 869,445,994,546,852
1040: 10,207,499,894,1042,252
1041: 504,603,633,109,742,642,48
1042: 141,894,500,1134,321,1040,252
1043: 855,976,1107,56,1174,110
1044: 991,630,1153,1108,297,204,579
1045: 799,847,53,59,195,947
1046: 986,434,470,17,1145,1096
1047: 810,632,517,388,460,466
1048: 731,1087
1049: 247,527,867,823,1132,936
1050: 793,384,611,469,219
1051: 808,907,592,465,441,488
1052: 618,347,765,1033,1002,1012
1053: 305,1131,339,133,714,385
1054: 288,934,658,882,479,705
1055: 1140,652,229,961,830,186
1056: 71,870,770,1093,115,244,14
1057: 939,1069,270,49,285,457
1058: 483,495,1159,65,1121,378
1059: 900,436,1082,1213,444,1199
1060: 993,345,225,147,87,1034
1061: 134,307,563,425,273,1155
1062: 346,515,1126,877,89,51,303
1063: 426,456,274,461,755,497
1064: 448,406,487,556,1154,372
1065: 645,717,146,840,208,414
1066: 867,823,754,584,1130
1067: 1142,890,660,182,1161,1171,987
1068: 37,512,494,450,861,1186
1069: 939,1057,814,457,770,67
1070: 658,887,410,625,524,108,479
1071: 446,285,41,551,764,1105,1015
1072: 1180,1081,1115,952,350,876
1073: 140,368,343,197,269
1074: 1212,920,340,1170,440
1075: 426,514,2,461,258,1133
1076: 1038,959,1037,70,266,381,1163
1077: 35,298,774,691,101,853
1078: 130,522,740,525,698,336,128
1079: 388,202,449,223,180,798
1080: 404,1193,964,76,150,322
1081: 1180,814,1072,876,201,67,161
1082: 1207,576,279,444,436,1059
1083: 1150,966,243,129,1172
1084: 734,697,153,1118,806
1085: 284,30,917,1210,727,31,181
1086: 1162,829,737,779,40
1087: 554,1176,731,1048
1088: 1114,1127,9,163,649,54
1089: 926,354,653,205,389
1090: 42,288,542,310,394,992,532
1091: 752,662,289,741
1092: 939,270,666,685,638,1180,814
1093: 390,115,443,1112,71,1056
1094: 824,802,1116,1157,809
1095: 861,1211,37,1184,1119
1096: 569,853,373,191,17,1046,434
1097: 1099,912,104,544,933,1196
1098: 501,49,238,666,270
1099: 912,1097,639,489,97,355,933
1100: 254,961,1125,247,149,830
1101: 816,579,204,634,1190,1178
1102: 1169,272,661,210,1008,962
1103: 901,252,684,423,321,1031
1104: 537,748,1009,914,1136,467
1105: 482,764,890,1071,41,987,88
1106: 878,761,1177,1163,865,513
1107: 995,73,56,971,1043,525,849,110
1108: 1153,413,1198,1144,630,1044
1109: 1169,272,931,88,1137,22
1110: 786,1132,916,936,550,938
1111: 273,471,1155,26
1112: 71,180,1093,443,974,627
1113: 51,303,235,1005,976,200
1114: 581,1088,9
1115: 638,933,952,1196,1180,1072
1116: 182,1157,1123,106,824,1094
1117: 614,846,1129,1173,523,518
1118: 437,1138,151,806,1084,153
1119: 340,1164,1095,1184
1120: 1129,693,804,1013,1008,614
1121: 635,376,828,226,65,483,1058
1122: 553,809,802,302,142
1123: 182,1116,1011,106,403,660
1124: 24,643,717,352,1128,740
1125: 823,1130,386,1100,247
1126: 515,1062,175,845,405,51,1005
1127: 581,1088,563,746,307,649
1128: 522,740,717,1124,208,1001
1129: 92,1120,693,1117,614
1130: 241,822,754,823,1066,1125
1131: 305,1053,758,339,25,476
1132: 786,909,1110,867,1049,936
1133: 258,952,1196,104,2,1075
1134: 423,519,321,432,1042,500,449
1135: 264,980,316,782,688,575,495
1136: 966,234,914,1104,467
1137: 482,703,502,88,1109,141,22
1138: 1118,437,107
1139: 849,1032,110,1028,681
1140: 1055,652,541,637,961,805
1141: 656,829,659,788,97
1142: 398,890,1067,660,331,403
1143: 291,322,338,505
1144: 630,1020,1198,1213,1199,1108
1145: 173,1027,733,17,164,1046,470
1146: 211,680,682,1179
1147: 552,336,591,595,910,791,268
1148: 739,1016,923,955,230,1030,848,175
1149: 1165,455,800,929
1150: 806,467,1083,697,1172
1151: 751,408,1164,119,266,783
1152: 709,1007,1029,1187,996
1153: 188,413,79,1108,1044,297
1154: 556,681,372,83,689,1064,944
1155: 273,1111,583,1061,598
1156: 834,685,1162,355,639,638
1157: 182,1116,1161,1094,80
1158: 646,582,932,170,676
1159: 1058,495,575,452,132,378
1160: 33,794,55,620,866,828
1161: 182,1157,1067,660,789,80,1171
1162: 1086,355,40,639,1156,834
1163: 1177,848,959,1076,70,1106,761
1164: 589,1119,1184,783,1151,751
1165: 1149,121,455
1166: 485,621,941,636,521,616,975
1167: 345,694,773,1185,1209,314
1168: 808,772,596,855,1174,1,441,915
1169: 1109,272,1102,427,22,349,962
1170: 440,260,1074,327,778
1171: 931,661,987,1161,1067,789
1172: 243,1083,1150,697,613,728
1173: 228,672,523,1117,420,518
1174: 1,1032,110,596,855,1043,1168
1175: 600,197,1215,932,38,676
1176: 1087,554,328,301
1177: 1030,848,1163,1106,1026,943
1178: 317,777,816,1101,1190
1179: 682,1216,1146,196
1180: 1081,814,1072,638,1115,1092
1181: 94,62
1182: 332,483,635,707
1183: 1017,1021,844,683
1184: 37,512,1095,1164,1119,783
1185: 936,550,225,773,527,345,1167
1186: 391,811,839,450,1068,1037
1187: 965,996,462,1152,29,1029
1188: 385,293,963,305,679,219
1189: 156,1023,540,641,720,628
1190: 1018,116,634,1101,777,1178
1191: 426,456,514,164,35,733
1192: 404,1193,472
1193: 1080,404,1192,964
1194: 898,821,171,169,485,636,474
1195: 956,871,857,647
1196: 1133,952,1097,104,933,1115
1197: 970,74,1019,220
1198: 1035,1199,417,413,1108,1144
1199: 1213,444,417,1198,1059,1144
1203: 25,872,28,706,459,679
1204: 548,4,712,816,57,98
1205: 911,47,374,908,413,79
1206: 
1207: 416,576,1082,468,657,436,337
1208: 366,880,239,1001,935,977,128
1209: 186,314,694,1167,68
1210: 192,126,342,727,1085,917
1211: 137,861,1095,335,999
1217: 410,625,543,163,54
1218: 93,166,493
1219: 597,357,558,260,0