0: 58,496,408,751,558,540
1: 681,1198,915,1168,1020,487
2: 258,298,724,104,461,1300
3: 504,15,1050,46,760,763
4: 617,526,968,913,548,712
5: 650,942,953,844
6: 988,566,172,290,377,716
7: 442,337,587,730,361,572
8: 1267,874,590,653,121
9: 1127,307,543,1223,803,163
10: 1040,509,397,407,1187,621
1280: 1181,94,62,859
1209: 864,314,773,694,1055,186
1214: 753,498,348,586,677,608
1235: 578,402,989,734,906,155
15: 3,504,46,872,85
16: 736,38,842,66
17: 470,164,35,434,191
1256: 1212,920,1074,1170,1282,193
19: 940,374,568,529,762,908
20: 299,1009,122,549,475,914
21: 106,394,1250,674,566,172
1152: 621,1130,941,1187,616,521
23: 965,928,1262,754,945,795
24: 224,1066,1124,1078,1147,740
25: 469,706,679,1203,305,219,385
26: 165,1061,1263,261
27: 604,784,1220,32,629,747
28: 1203,85,504,633,706
29: 996,1179,424,619,965,1262
30: 618,917,284,126,593,927
31: 529,65,727,940,782,316
32: 784,27,170,395,919,629
33: 55,762,807,529,226,376,866
34: 1297,553,571,292,1013
35: 1145,1278,733,164,17
36: 671,227,683,1293,1183,1017,835
37: 811,512,137,861,494
38: 736,16,585,66,1215,1221
39: 921,190,259,148
40: 825,992,238,360,832,834
41: 1169,285,446,88,551,1011
42: 934,1054,1070,288
43: 271,531,541,946,958
44: 358,103,112,458
45: 840,1125,1194,723,208,1195
46: 143,847,195,763,3,15
1295: 482,1105,661,1137,789
48: 657,1287,459,1225,109
49: 356,1116,1283,446,285
50: 346,89,1148,877,976,200
1270: 74,384,1275,695,1249,187
52: 966,1224,1104,806,129,697
53: 897,481,865,759,799
54: 669,524,738,1088,1251,1217
55: 33,762,908,686,620,866
56: 1051,1174,855,915,1064,1059
57: 816,204,579,883,991,1204
58: 878,496,0,641,540,713
1296: 513,1177,303,865
60: 1255,113,174,1101,752,777
61: 1258,728,578,402,380,168
62: 94,282,1280,881,979,859
63: 393,612,238,242,985,888
64: 416,96,711,745,1089,383,448
65: 807,31,529,316,1058,495,226
66: 1215,280,16,38
67: 876,774,1246,1261,457,692
68: 300,311,694,1055,993,77
69: 467,613,734,806,820,989
70: 266,119,848,959,1177
71: 1161,1057,1015,1063,202,1083
72: 365,422,1268,1266,1084,319
73: 573,1139,1046,1030,1174,1064,1028
74: 1270,109,384,611,1249,160
75: 711,745,603,760,488,605
76: 949,964,150,480
77: 797,1055,300,68
78: 399,1267,1228,455
1291: 483,495,226,1121,376,378
80: 182,1259,1253,571,1297
81: 308,602,922,301
1231: 386,795,822,647,247
1167: 507,454,584,823,909,1132
84: 904,628,263,678,249,564
85: 1203,476,28,872,504,15
86: 836,309,753,498
87: 815,624,451,610,696,1034
88: 446,1129,890,41,1157,551
89: 1005,346,50,235,1191,877
1218: 1244,265,166
91: 460,810,1096,1115,1075,1150
1255: 116,113,60,1091,634,1101
93: 203,190,493,1275,1244,921
94: 282,412,62,554,1181,1280
95: 606,771,984,528
96: 1020,1059,605,711,448,64
97: 355,985,888,788,1284,639
98: 548,1204,213,816,396
99: 593,118,1024,194,786,333
100: 484,424,211,1146,114,972
101: 1069,1162,1093,1071,1142,1056
1250: 21,394,674,532,288
103: 358,586,44,458,667,511
104: 724,544,933,1264,258,2
1269: 781,262,1039,328,248,615
106: 21,394,566,162,182,403
107: 1138,437,1118,537
108: 625,250,882,669,246,612
109: 1225,74,384,657,611,48
1196: 434,691,1097,191,1106,1026
111: 752,295,113,392
112: 520,458,261,44
113: 1255,116,60,295,752,111
114: 972,750,100,424,928,1262
115: 457,770,1142,1180,692,1093
116: 1255,113,1091,729,620,295
117: 477,726,937,826
118: 593,99,927,786,1060,916
119: 70,266,408,513,496
1176: 554,731,328,781,588,412
121: 1240,1252,1228,8,1267,653
122: 599,885,549,20,216,475
1257: 881,785,852,979,327
124: 606,771,418,539,801,829
125: 271,805,362,956,902,480
126: 439,1024,593,618,30
1290: 1246,501,1286,814,1123
1238: 601,964,997,787
129: 243,728,697,52,1224,274
1217: 1251,163,410,543,738,54
131: 954,683,1293,198,904,720,843
132: 1182,815,624,700,452,780
133: 1131,1188,293,670
134: 425,438,649,435,1111,583
135: 486,570,308,421
136: 655,541,229,946
137: 861,1211,982,335,494,37
138: 418,539,536,477
139: 407,614,449,693,207,397
140: 368,725,142,197,1229,343
1247: 153,1281,365,1268
142: 725,978,553,809,368,140
143: 46,249
144: 216,626,475,429,950,353
145: 203,187,190,970,277,259,400
146: 1031,901,675,466,1065,645,508
1288: 340,1119,861,1298,512
148: 851,39,259,387
149: 936,1285,1140,527,314,773
150: 322,338,902,480,76,1080
1182: 1159,132,452,780
1148: 346,50,1076,222,976
153: 1136,1247,1281,1268,467,613
154: 668,306,1239,1276,875,562
155: 906,1260,734,820,1265,1235
156: 334,998,198,1000,1189,1023
157: 506,664,382,704,615,286,359
158: 916,938,701
1287: 742,633,642,459,468,48
160: 1249,220,611,74,442,587
161: 1081,798,221,1030,1062,517
162: 538,988,566,106,182
163: 1217,410,9,543,1243,803
164: 470,1037,17,648,733,35
165: 26,1061,261,598,831
166: 493,963,1241,265,1218
167: 716,856,217,430,326,377
168: 755,380,456,243,728,61
1160: 188,1190,1144,417,1153,1178
170: 646,1158,919,629,582,32
1285: 936,149,1185,867,247,1140
172: 566,6,329,716,674,21
173: 391,401,839,827,959,381
174: 776,1101,317,60,1234,777
175: 1177,235,1191
176: 352,1128,517,214,798,632,508
177: 704,248,369,850,862,359
178: 430,326,667,831,520,458
179: 327,546,718,778,990
180: 202,1079,1134,627,1042,1008
1300: 426,1278,2,298
182: 1259,403,80,106,538,162,1253
183: 563,746,581,565
1157: 1171,1112,1120,88,890,551
185: 196,535,503,415,886,1239
186: 652,229,830,864,314,1209
187: 145,203,1270,1275,1249,970
188: 1160,1190,971,413,794
189: 895,949,306,362,857
190: 145,203,93,39,921,259
191: 986,470,17,434,1196,1026
192: 727,1210,1147,224,618,917
193: 1170,1256,920,327
194: 819,768,1024,507,333,99
195: 799,957,847,46,763
196: 535,185,237,682,1216,503
197: 364,1222,1221,140,343
198: 334,156,1189,720,131,954
1145: 35,514,876,434,1097
200: 976,50,877,1021,1041
201: 1133,1022,1003,1038,1115,1096
202: 180,1079,1083,71,1015,627
203: 145,187,190,93,1275
204: 57,579,297,991,1018,634
205: 792,354,590,212,1227,948
206: 584,945,510,462,463,454
207: 223,1134,449,139,1040,397
208: 1065,723,645,717,840,45
209: 256,990,769,718,320,276
210: 1274,1013,804,292,1073,519
211: 680,1146,484,100
212: 617,526,205,354,283,1227
213: 548,98,617,396,283,363
214: 675,767,798,632,508,176
215: 663,813,607,856,325,217
216: 626,719,144,475,122,885
217: 856,167,873,215,607,326
1212: 862,1256,920,359,286,1074
219: 385,469,25,793,963
220: 1249,160,970,442,318,351
221: 1081,161,1075,1186,1068,1062
222: 1043,1068,1076,1148,976,1107,1014
223: 207,1134,432,627,244,449
224: 24,278,1124,1147,643,1210,192
225: 1110,527,550,696,1034,345
226: 1291,495,807,529,65,33,376
227: 671,339,36,735,1293,843
228: 1279,1007,267
229: 541,652,186,864,136,655
230: 848,827,959,923,955
1234: 777,776,174,289
1293: 131,683,843,227,36
233: 1144,525,1154,268,971
234: 914,429,748,966,1224,721
235: 1095,1191,1026,923,175,89
236: 843,564,872,249,735,476
237: 196,535,682,841
238: 63,242,985,40,825,834
1177: 175,848,70,513,1296
240: 912,673,1242,626,950,544
241: 956,857,871,386,647,637
242: 63,612,238,250,934,825
243: 728,129,274,168,456
244: 1137,427,789,1274,1015,223,432,627
1166: 821,1194,684,621,1130,975
246: 669,524,790,854,108,612
247: 647,1140,1231,867,1285
248: 704,177,615,1269,328,850
249: 678,143,84,564,236,872
250: 882,108,612,242,934
251: 302,978,375,836,899,567
1268: 365,72,153,1247,613,319
1283: 501,1273,832,356,49
254: 647,637,1140,961,830
255: 759,263,878
256: 769,209,320,953,998,650
257: 976,1006,1021
258: 2,350,952,298,104,1264
259: 387,400,145,190,39,148
260: 597,1219,1170,440,778,357
261: 26,165,112,520
262: 781,588,1269,1039,602,421,409
263: 759,713,255,84,628,678
264: 688,782,316,927,284,701
265: 670,1241,166,1218
266: 70,381,119,783,408,1164
267: 732,296,560,228,1279
268: 643,1012,1052,233
269: 846,1229,343,1289,1073
1150: 1075,1186,1172,1115,1163,91
271: 43,531,125,805,902
1274: 210,1013,789,244,519,432
273: 425,438,746,471,665
274: 557,721,1224,243,129
1191: 235,175,89,877
276: 320,718,869,209
277: 379,400,970,145,318,411
278: 224,643,1035,1210,374,568
279: 487,383,448,1082,1199,406
280: 66,1215,1175,932
281: 1258,380,648,1037,391,450
282: 94,412,369,62,850,979
283: 838,363,1227,213,212,617
284: 917,30,927,782,264
285: 1169,41,49,501,814,446
286: 999,1074,157,382,1212,359
1190: 188,1160,1153,1018,794,297
288: 1094,532,42,1054,1250
289: 1237,776,1245,1234
290: 988,6,377,344,492,951
291: 1143,338,531,958
292: 983,804,553,34,210,1013
293: 1241,385,1188,133,670
1170: 440,1282,193,1256,778,260
295: 635,729,116,113,392,111
296: 732,267,1025,560,604,784
297: 204,991,1190,1153,1018
298: 258,2,350,1278,1300,514
299: 20,1009,537,549
300: 311,68,993,77
301: 478,922,81,602,588
302: 251,978,375,858,824,809,802
303: 405,877,1296,897,865
304: 318,411,351,702,792,354
305: 1248,758,1188,25,385
306: 154,668,562,189,895
307: 9,1127,1114,803,1111
308: 81,602,421,135
309: 836,899,86,842
310: 992,1054,1094,356,1116
311: 300,68,993,610,577
1249: 160,220,970,1270,74,187
1228: 121,1240,1267,78,455
314: 773,1209,1140,149,830,186
315: 968,900,1213,1292,883,712
316: 688,782,264,1058,31,65
317: 776,174,1101,816,579
318: 304,411,351,220,970,277
319: 820,1084,72,1268,613
320: 276,256,209,650
1193: 404,1080,1192,505
322: 150,338,1080,472,505,1143
1154: 681,1198,1001,1012,233,525
1179: 996,616,29,732,941,619
325: 329,856,215,813,658,705
326: 178,430,873,831,167,217
327: 179,546,852,1257,193
328: 1176,781,1269,248,412,850
329: 716,856,325,674,705,172
1186: 1075,1150,1163,1043,1068,221
331: 1094,532,398,1117,660
332: 392,483,635,707
333: 786,1132,507,194,99
334: 942,953,998,156,198,954
335: 137,1211,982,906,453
1267: 8,78,399,121,1228
337: 7,587,576,715,730,1207
338: 150,322,902,531,1143,291
339: 671,227,735,1248,758,714
340: 1288,1119,1298,440,1282,589
341: 513,496
1163: 1172,1076,1151,1186,1150,1043
343: 269,1229,140,197,364
344: 511,492,430,667,290,377
345: 993,1034,225,527,773,694
346: 1005,50,89,1148,1076,515
1144: 233,417,525,971,1160
348: 753,1214,358,586
1178: 1153,1292,417,1108,1160
350: 258,952,298,1261,774,514
351: 318,304,442,220,361,702
352: 1128,176,517,798,573,1077
353: 724,950,144,429,461,721
354: 792,205,702,304,212,526
355: 985,97,1230,639,685,834
356: 49,1116,992,310,832,1283
357: 990,769,1000,778,1219,260
358: 103,586,44,348
359: 1212,862,157,704,177,286
360: 685,832,939,834,40,1273
361: 702,913,572,442,7,351
362: 956,857,189,949,480,125
363: 863,283,838,213,662,396
364: 197,1222,343,1289,676,600
365: 422,72,1268,1247
1169: 285,41,1071,814,1123,1011
367: 415,708,668,601,787,895
368: 585,567,140,978,142
369: 282,850,177,862,785,979
1225: 109,384,793,459,469,48
1207: 730,436,444,1082,576,337
1245: 662,396,776,289,1237
1199: 1108,406,1198,279,417,525
374: 727,1210,940,19,278,568
375: 251,302,498,677,858,836
376: 635,866,33,1291,483,226
377: 6,290,430,716,167,344
378: 707,1291,483,1121,1159
379: 277,387,400,411,874
380: 755,168,648,61,281
381: 266,173,783,811,959
382: 157,506,453,1211,286,999
383: 487,279,448,1082,416,64
384: 1225,1270,109,74,793,695
385: 219,1241,293,305,25
386: 1231,795,871,530,241,647
387: 259,379,400,148,851
388: 974,1047,423,460,1031,466
389: 651,948,1271,838,926,1227
1258: 61,281,402,982,494,450
391: 401,839,173,450,281,1037
392: 332,295,111
393: 63,612,854,779,888
394: 21,106,1250,532,403,660
395: 600,919,560,672,784,32
396: 662,1245,98,213,363
397: 1040,10,449,207,139,407
398: 1116,1094,331,1117,1129
399: 78,851,1267
400: 277,259,379,387,145
401: 391,173,470,1037,955,827
402: 1235,578,906,61,1258,982
403: 182,1259,106,394,987,660
404: 1193,1080,997
405: 303,877
406: 1108,1199,1044,279,1082,444
407: 631,139,1007,10,397,1029,1187
408: 751,1164,266,119,496,0
409: 1036,486,421,262,1039
410: 1251,1217,163,1236,1243,447
411: 318,304,277,379,792,874
412: 94,282,850,1176,554,328
413: 568,971,188,908,794
1239: 154,668,185,1276,503,415
415: 367,708,886,185,668,1239
416: 1082,576,64,1089,383,468
417: 1144,525,1108,1199,1160,1178
418: 539,138,536,124,656,829
419: 824,538,951,837,858
1294: 871,530,562,875,750
421: 308,602,135,486,409,262
422: 365,72,570,1266
423: 974,388,1079,1042,1103,1031,901
424: 484,100,619,29,114,1262
425: 438,134,273,563,746,1111
426: 1277,1300,557,456
427: 1137,789,244
1226: 478,922,1232
429: 914,234,144,475,353,721
430: 178,326,667,167,344,377
431: 700,575,701,688,624,451
432: 223,1274,789,244,449,519
433: 840,1125,545,1002,768,1135
434: 1196,1097,1145,17,191
435: 690,649,134,583,663,607
436: 730,1207,444,1044,900
437: 1138,107,1009,537,748
438: 425,134,273,471,1061,583
439: 1147,740,1135,126,618
440: 1170,1282,340,589,597,260
1242: 1141,673,1284,240,912,639
442: 7,587,160,220,361,351
1189: 641,540,1023,156,198,720
444: 1207,436,1082,406,1044
445: 859,881,852,994
446: 1129,88,49,285,41
447: 887,690,1243,410,1236,663,813
448: 487,279,383,1020,96,64
449: 519,693,223,207,432,139,397
450: 391,839,1258,281,494
451: 624,87,696,938,701,431
452: 700,575,1121,1159,1182,132
453: 1260,506,382,1211,335
454: 507,534,1167,463,206,584
455: 78,1240,1228
456: 755,168,557,243,426,1277
457: 1142,115,1123,1246,67
458: 112,520,178,667,103,44
459: 469,706,1287,633,48,1225
460: 91,810,1096,1047,388,466
461: 557,721,724,353,2
462: 521,510,996,616,965,206,945
463: 1049,818,510,206,534,454
1165: 1149,929
1248: 305,758,714,1188,339
466: 675,767,388,460,810,1031,146
467: 69,613,806,1136,153,1104
468: 657,715,1089,1287,642,416,576
469: 459,706,679,25,219,1225,793
470: 164,1037,17,401,986,955,191
471: 1155,665,438,273,1061,1263
472: 1192,505,322,1143
473: 741,863,926,905
1262: 965,928,23,424,29,114
475: 216,144,122,20,914,429
476: 1203,85,236,872,735,758
477: 117,937,138,536
478: 1226,922,301,731
479: 658,887,1236,625,882,1070
480: 150,902,949,76,362,125
481: 53,865,513,878
482: 1105,1295,1171,1120,1137,1161
483: 1291,635,376,707,378,332
484: 100,424,619,1025,211
1161: 1057,71,1015,482,1171,1137
486: 135,570,1266,421,1036,409
487: 279,383,448,1020,1,1198
488: 760,757,592,605,75
1236: 1251,410,887,447,479,625
1216: 680,1146,682,196,503
1224: 52,966,234,274,721,129
492: 344,511,290,837,608,951
493: 1275,166,695,963,93
494: 137,982,1258,450,37
495: 1291,226,1121,1058,65,575
496: 58,878,0,119,408,341,513
1181: 1087,554,94,1280
498: 753,1214,677,836,86,375
1187: 941,1029,407,10,1152
1155: 471,665,1272
501: 1273,1283,1286,814,1290,285
1219: 597,558,260,357,1000,1023
503: 1276,1216,1146,196,185,1239
504: 3,15,1050,85,28,742,633
505: 1192,472,1193,1080,322,1143
506: 157,664,382,1299,453,1260
507: 534,454,1167,194,1132,333
508: 645,632,717,146,675,767,214,176
509: 1040,10,1008,621,684
510: 818,521,462,463,206
511: 344,492,667,103,586,608
512: 783,37,811,861,1288,1119
513: 341,1296,119,1177,496,481,865
514: 1145,350,298,1278,876,774
515: 1076,1151,1019,1126,1005,346
1265: 820,1084,1299,155,1260
517: 352,176,161,798,1030,573
1292: 1213,1178,1108,1044,315
519: 449,693,1274,210,1073,432
520: 112,458,261,178
521: 818,510,462,1152,1130,616
1195: 644,1049,975,1194,1125,45
1147: 740,439,224,24,618,192
524: 669,246,54,1088,528,790
525: 1144,233,417,1154,1198,1199
526: 212,617,4,702,913,354
527: 225,1110,936,149,773,345
528: 984,1088,606,95,524,790
529: 807,31,65,940,19,33,762,226
530: 1294,871,750,928,386,795
531: 43,271,338,902,291,958
532: 1094,331,288,394,1250,660
1220: 604,27,747,884,680
534: 507,454,644,1049,463,819
535: 196,185,237,886
536: 418,138,477,937,659,656
537: 299,1009,437,107
538: 824,419,951,162,1253,988,182
539: 418,138,124,771
540: 641,1189,1023,558,58,0
541: 652,229,43,946,136
1297: 34,931,1259,80,1102
543: 893,738,1223,9,1217,163
544: 724,104,950,240,912,933
545: 1002,1066,840,433,740,1135
546: 179,327,718,852,869,994
1175: 1215,280,1222,1158,932,676
548: 712,1204,98,213,617,4
549: 599,122,20,299
550: 225,1110,1060,916,696,938
551: 1122,1011,88,41,1112,1157
1244: 1218,93,921
553: 809,571,802,34,983,142,292
554: 1176,731,1087,1181,94,412
555: 884,841,699,747
1149: 710,1240,929,1165
557: 274,461,426,456
558: 597,1219,751,0,540,1023
1251: 1217,410,1236,669,54,625
560: 672,1279,395,784,267,296
1266: 486,570,422,72,1084,1036
562: 1294,875,154,306,857
563: 746,581,183,1114,425,1111
564: 843,236,904,84,249
565: 892,1272,746,183,665
566: 988,6,172,21,106,162
567: 585,368,899,251,978,736
568: 971,413,278,1035,374,19,908
1192: 472,505,1193
570: 135,486,1266,422
571: 553,802,1253,80,34
572: 361,913,730,7,968,900
573: 73,1139,1077,1030,352,517
1289: 269,364,600,672,1173
575: 700,452,431,688,1058,495,1121
576: 1082,416,715,468,1207,337
577: 780,815,610,311
578: 1235,402,989,728,697,61
579: 57,816,204,634,1101,317
1151: 1076,515,1126,1172,1184,1163
581: 563,746,183,1114
582: 629,699,646,170
583: 598,873,438,134,435,607
584: 206,754,945,454,1167,823
585: 368,567,736,38,1221
586: 358,103,511,1214,348,608
587: 442,7,337,611,160
588: 781,262,602,301,1176
589: 751,1164,340,1119,440,597
590: 792,205,8,874,948,653
1230: 912,639,933,355,685,666
592: 808,855,1045,1197,757,488
593: 99,118,927,1024,126,30
1185: 936,1285,867,909,1100,1110
1246: 1290,1261,67,457
1223: 543,893,9,1127
597: 1219,558,260,440,751,589
598: 583,873,831,165,1061
599: 122,885,826,549
600: 395,676,919,364,1289,672
601: 964,1238,787,367,895
602: 81,308,421,301,262,588
603: 745,75,1050,742,642
604: 784,27,1220,296
605: 1059,96,808,488,711,75
606: 124,95,771,528,801,790
607: 215,663,435,583,873,217
608: 677,837,586,511,492,1214
1164: 408,751,589,783,1119,266
610: 815,87,993,1034,311,577
611: 657,715,109,74,587,160
612: 393,63,242,246,854,250,108
613: 467,69,153,1268,820,319
614: 139,1007,846,693,1173
615: 704,248,1269,1039,157,664
616: 996,1179,941,1152,521,462
617: 212,526,4,548,213,283
618: 917,30,1147,439,126,192
619: 484,424,732,1025,29,1179
620: 729,866,55,686,116,1091
621: 1152,1130,509,10,1166,684
622: 897,799
623: 905,651,1233,800
624: 815,87,451,700,431,132
625: 882,108,1251,1236,669,479
626: 216,719,144,673,240,950
627: 223,1134,244,1015,180,202
628: 904,84,720,641,713,263
629: 699,747,582,170,27,32
1261: 1246,1254,350,952,67,774
631: 407,1007,1029
632: 645,717,508,214,1128,176,1033
633: 742,1287,504,28,459,706
634: 1018,204,579,1255,1091,1101
635: 729,376,866,295,483,332
1194: 1166,821,723,1195,975,45
637: 254,647,956,241,805,961
1232: 1048,1226
639: 1230,912,1284,1242,355,97
1279: 560,672,1173,228,1007,267
641: 1189,540,58,713,720,628
642: 742,1287,745,603,1089,468
643: 268,1035,1124,1052,224,278
644: 1195,1049,1125,534,819
645: 632,717,508,146,1065,208
646: 1158,932,170,582
647: 254,247,637,1231,386,241
648: 755,380,733,281,164,1037
649: 690,803,435,1111,134
650: 5,256,320,953
651: 389,1271,1233,926,905,623
652: 541,961,229,830,186
653: 948,1271,590,8,121,1252
1204: 548,712,98,57,816,883
655: 136,229,864,797
656: 829,788,418,536,659,1141
657: 611,715,468,48,109
658: 887,479,813,325,705,1070
659: 937,536,656,1141,744
660: 1117,987,394,532,331,403
661: 1295,931,1013,789
662: 1245,396,863,363,1237,741
663: 215,813,607,690,435,447
664: 157,506,860,1299,615
665: 1155,471,565,1272,746,273
666: 1264,1254,1230,685,939
667: 178,430,458,103,344,511
668: 154,306,1239,415,367,895
669: 524,246,54,1251,625,108
670: 265,133,1241,293
671: 339,227,36,1053,835,714
672: 560,1173,1279,1289,395,600
673: 1141,744,1242,626,719,240
674: 705,329,172,21,1250
675: 767,466,214,810,1031,146,508
676: 600,919,1175,364,1222,1158
677: 837,858,608,498,1214,375
678: 847,249,759,263,84
679: 469,706,25
680: 211,1216,1146,1220,682,884
681: 1154,1,1198,1001,1168
682: 884,841,680,1216,196,237
683: 131,954,1293,1183,36
684: 1166,821,509,1010,1008,621
685: 360,939,834,355,1230,666
686: 1018,794,55,620,1091
1210: 374,192,224,278
688: 316,264,1058,701,575,431
1275: 493,695,1270,203,187,93
690: 649,1243,803,435,663,447
691: 1196,1027,1092,1106,1113
692: 1180,1027,67,876,115
693: 449,519,846,1073,139,614
694: 773,1209,1055,993,345,68
695: 493,1275,963,1270,384,793
696: 938,225,550,1034,87,451
697: 728,129,52,806,578,989
1188: 305,1248,714,1131,133,293
699: 629,747,582,555
700: 452,575,431,624,132
701: 938,158,688,264,451,431
702: 361,913,304,351,526,354
1241: 385,293,670,265,166,963
704: 248,177,615,157,359
705: 674,658,329,325,1070
706: 459,469,679,25,1203,28,633
707: 378,483,332
708: 415,367,886,787
1272: 565,892,1155,665
710: 1240,1252,1233,1149,800,929
711: 745,75,96,605,64
712: 548,1204,315,968,883,4
713: 263,58,878,641,628
714: 1248,1188,671,339,1053,1131
715: 657,611,468,576,337
716: 329,856,167,6,172,377
717: 645,632,508,208,840,1002,1033
718: 179,546,869,990,209,276
719: 216,626,726,885,673,744
720: 904,628,641,1189,198,131
721: 274,461,234,429,1224,353
1184: 1172,1038,1156,1086,1126,1151
723: 1065,208,1004,821,1194,45
724: 104,950,544,353,461,2
725: 804,142,140,1229
726: 117,937,885,826,744,719
727: 940,374,192,917,782,31
728: 243,129,697,578,168,61
729: 635,620,866,295,116
730: 1207,436,7,337,900,572
731: 1176,554,478,1048,1087
732: 267,296,1025,619,1179
733: 755,648,1278,1277,35,164
734: 69,820,1235,989,155
735: 339,227,843,236,476,758
736: 16,38,842,899,585,567
1183: 954,683,942,1017,844,36
738: 543,893,969,1088,1217,54
1227: 283,838,212,205,948,389
740: 1147,439,1135,545,1066,24
741: 473,662,863,1237
742: 1287,633,642,504,1050,603
1286: 501,1273,939,1290
744: 1141,673,726,937,659,719
745: 711,603,75,1089,642,64
746: 563,581,183,565,665,425,273
747: 629,699,27,1220,555,884
748: 914,234,1009,437,966
1198: 1154,681,1,487,525,1199
750: 875,114,972,928,1294,530
751: 408,1164,589,597,558,0
752: 111,113,60,777
753: 498,1214,348,86
754: 584,945,23,822,823
755: 380,168,456,648,733,1277
1174: 56,1032,1051,1046,73,1064
757: 760,488,763,957,592
758: 305,1248,339,735,476
759: 263,255,53,799,678,847
760: 757,488,763,3,1050,75
1159: 1182,452,1121,378
762: 55,33,908,19,529
763: 760,757,195,957,46,3
1168: 915,1064,1028,681,1,1001
1153: 1213,1178,1160,1190,297,991
1229: 269,343,1073,140,804,725
767: 675,466,214,810,1081,798,508
768: 819,1024,194,433,1125,1135
769: 256,990,357,209,1000,998
770: 1142,115,1093
771: 124,606,95,539
1240: 121,710,1252,1228,455,1149
773: 314,1209,694,936,149,527,345
774: 67,876,350,1261,514
1252: 121,710,1240,1271,1233,653
776: 174,317,1245,1234,289
777: 1234,60,174,752
778: 179,1170,260,990,357
779: 801,854,829,788,393,888
780: 577,815,1182,132
781: 262,588,1269,1176,328
782: 316,264,917,284,727,31
783: 811,512,1119,381,266,1164
784: 604,27,32,395,560,296
785: 1257,979,369,862,920
786: 1132,1100,1060,333,99,118
787: 601,1238,367,708
788: 656,829,1284,779,97,888
789: 1137,427,244,1295,661,1274,1013,432
790: 801,854,528,606,524,246
1263: 26,1061,471
792: 205,354,590,304,411,874
793: 1225,384,469,219,695,963
794: 686,1018,413,188,1190,908
795: 1231,386,822,928,23,530
1278: 1277,1300,298,733,35,514
797: 77,864,1055,655
798: 1081,161,767,214,352,176,517
799: 195,53,897,622,759,847
800: 929,1233,710,623
801: 790,854,779,124,606,829
802: 553,809,571,824,1253,302
803: 690,649,1243,1111,9,307,163
804: 725,292,210,1229,1073
805: 271,125,956,637,961
806: 467,69,52,1104,697,989
807: 529,65,33,226
808: 855,592,605
809: 553,802,302,978,142
810: 91,460,1075,675,767,466,1081
811: 783,37,512,839,381
1213: 1153,1292,315,883,991
813: 215,663,658,887,447,325
814: 501,1290,1169,285,1123
815: 624,87,610,577,780,132
816: 57,579,1204,98,317
1233: 651,1271,710,1252,623,800
818: 521,510,1130,1049,463,975
819: 768,194,644,1125,534
820: 319,1265,69,613,734,155
821: 1166,1194,684,1010,1004,723
822: 1231,795,754,823
823: 867,909,584,754,1167,822
824: 538,419,1253,858,302,802
825: 40,992,238,242,934
826: 599,885,117,726
827: 230,401,173,955
1284: 788,1141,1242,97,639
829: 656,788,124,418,801,779
830: 961,652,186,254,1140,314
831: 598,873,165,178,326
832: 360,40,992,356,1273,1283
1281: 1136,153,1247,1118
834: 360,685,238,355,985,40
835: 1053,1017,671,36
836: 309,899,86,498,251,375
837: 677,858,608,492,419,951
838: 863,283,363,926,1227,389
839: 391,173,450,811
840: 433,1125,45,208,717,545,1002
841: 555,682,884,237
842: 736,16,309,899
843: 564,236,904,131,1293,227,735
844: 1017,942,5,1183
845: 924,1041
846: 269,1073,693,1173,614
847: 678,46,759,195,799
848: 230,959,70,1177
1173: 672,1279,846,1289,614,1007
850: 282,412,369,328,248,177
851: 148,387,399
852: 881,1257,445,327,546,994
1172: 1184,1038,1115,1163,1151,1150
854: 801,790,779,246,393,612
855: 808,1045,592,56,1051,1059
856: 329,716,325,167,217,215
857: 362,956,241,871,562,189
858: 677,837,824,419,302,375
859: 445,62,1280,881
860: 1036,1299,1039,664
861: 137,1211,999,1298,37,512,1288
862: 1212,920,359,177,369,785
863: 838,363,926,662,741,473
864: 1209,1055,229,186,655,797
865: 53,897,481,513,1296,303
866: 635,729,376,620,55,33
867: 823,909,247,1285,1185
1299: 860,1265,1260,506,664
869: 994,546,718,276
1237: 289,662,1245,741
871: 1294,530,386,241,857
872: 236,249,15,476,85
873: 598,583,831,607,326,217
874: 8,411,379,792,590
875: 972,750,1276,154,1294,562
876: 67,774,1145,514,692,1097
877: 303,405,1191,50,89,200,1041
878: 58,496,481,713,255
1222: 197,364,1221,1215,1175,676
1243: 690,803,163,410,447
881: 852,1257,979,62,859,445
882: 625,250,108,479,934,1070
883: 57,991,1213,315,712,1204
884: 555,682,841,747,1220,680
885: 599,122,826,726,216,719
886: 415,708,535,185
887: 658,447,479,1236,813
888: 985,97,779,788,393,63
1271: 651,948,389,1233,653,1252
890: 1129,88,1109,1157,1120
1260: 453,155,1265,1299,506
892: 565,1272
893: 543,738,1223,969
1171: 1112,1157,1120,482,1161,1057
895: 189,949,367,668,306,601
1221: 197,1222,38,585,1215
897: 53,622,865,303,924,799
1259: 182,403,80,987,1102,1297
899: 836,309,251,736,842,567
900: 315,968,730,436,572
901: 1103,1031,146,1004,423,1065
902: 150,338,480,271,531,125
1203: 476,85,28,706,25
904: 84,720,628,131,843,564
905: 623,926,651,473
906: 155,1235,402,982,335
1162: 1069,101,1056,1099,1022,1003
908: 55,762,19,568,413,794
909: 867,823,1167,1132,1100,1185
1264: 666,1254,933,104,258,952
1206: 
912: 240,1230,639,933,1242,544
913: 361,702,572,968,526,4
914: 234,429,748,20,1009,475
915: 1168,1064,56,1020,1059,1
916: 938,158,1060,118,927,550
917: 618,30,284,727,192,782
1180: 692,1027,115,1093,1092,1067
919: 395,676,600,1158,170,32
920: 1212,862,1256,785,193
921: 39,1244,190,93
922: 1226,478,301,81
923: 986,955,230,235,1026
924: 845,1041,897,957
1143: 291,322,338,472,505
926: 863,838,651,389,473,905
927: 593,118,30,284,916,264
928: 23,1262,114,750,530,795
929: 800,710,1149,1165
1156: 1086,1067,1069,1003,1184,1038
931: 1297,1102,1105,661
932: 646,1158,280,1175
933: 1230,912,104,544,1264
934: 42,250,882,242,825
1211: 137,861,335,453,382,999
936: 149,1285,1185,1110,527,773
937: 117,477,726,659,536,744
938: 916,696,158,701,550,451
939: 360,685,666,1273,1286
940: 727,374,19,31,529
941: 1187,1152,616,1179
942: 334,953,5,954,1183,844
1282: 1170,440,1074,1256,340
1273: 501,1283,1286,360,832,939
945: 206,584,754,462,965,23
946: 958,43,541,136
1277: 426,1278,755,456,733
948: 389,1271,653,205,590,1227
949: 189,895,76,362,480
950: 724,544,353,626,144,240
951: 538,419,492,988,290,837
952: 258,350,1264,1254,1261
953: 334,942,998,256,650,5
954: 131,683,1183,334,942,198
955: 923,986,470,401,827,230
956: 362,241,857,637,125,805
957: 195,1197,924,757,763
958: 946,43,531,291
959: 848,230,173,70,381
1215: 66,280,1175,38,1222,1221
961: 652,830,254,637,805
1158: 646,932,170,1175,676,919
963: 493,166,695,219,1241,793
964: 601,997,1238,76,1080
965: 23,1262,996,29,462,945
966: 52,1224,1104,234,748
1276: 503,875,972,154,1239
968: 315,900,913,572,712,4
969: 984,1088,893,738
970: 1249,220,145,187,318,277
971: 568,413,1035,1144,233,188
972: 875,114,750,1146,100,1276
1298: 999,1074,861,340,1288
974: 1047,423,388,1072,1079,1083
975: 1195,1049,1130,1166,1194,818
976: 257,1107,1006,200,50,1148,222,1021
1253: 824,538,182,80,571,802
978: 251,302,809,368,567,142
979: 881,785,1257,282,369,62
1254: 666,1264,952,1261
1146: 211,680,1216,100,503,972
982: 137,335,494,402,906,1258
983: 292,553
984: 1206,969,1088,528,95
985: 355,97,888,63,238,834
986: 923,955,191,470,1026
987: 1109,1117,1102,660,1259,403
988: 566,6,290,538,951,162
989: 1235,578,69,734,806,697
990: 769,357,209,179,718,778
991: 57,204,883,297,1153,1213
992: 40,825,310,832,356
993: 1034,345,694,610,300,311,68
994: 869,852,445,546
1197: 1021,957,1045,592
996: 616,29,1179,462,965
997: 964,1238,404
998: 334,953,156,256,769,1000
999: 286,1074,1298,382,861,1211
1000: 769,357,1219,1023,998,156
1001: 1154,681,1139,1168,1028,1016,1012
1002: 545,1033,1066,717,840,433
1003: 201,1022,1069,1162,1156,1038
1004: 1103,901,1010,821,1065,723
1005: 346,89,1019,1095,515
1006: 976,257,1107,1021,1032,1051,1045
1007: 631,407,614,1173,228,1279,1029
1008: 1042,1010,1134,180,1040,509,684
1009: 20,299,537,437,914,748
1010: 1042,1008,1103,1004,821,684
1011: 1056,1122,551,1169,41,1071
1012: 1016,1052,1154,1001,268
1013: 1274,210,34,661,292,789
1014: 1046,1062,1068,222,1107,1032
1015: 1161,71,1137,244,627,202
1016: 1012,1052,1139,1077,1001
1017: 844,1183,36,835
1018: 686,794,634,1190,204,297,1091
1019: 1106,1113,1126,1095,515,1005
1020: 1059,96,915,1,487,448
1021: 1197,1041,976,257,1006,200
1022: 1133,201,1003,1099,1162,1098
1023: 1189,540,1219,558,1000,156
1024: 768,194,1135,126,593,99
1025: 732,296,484,619
1026: 235,1095,1196,923,986,191,1106
1027: 1180,692,691,1097,1092
1028: 1168,1064,73,1139,1001
1029: 1187,631,407,1007
1030: 1046,1062,161,517,573,73
1031: 901,146,423,388,675,466
1032: 1051,1174,1107,1006,1046,1014
1033: 1002,1066,632,717,1128,1078
1034: 993,345,225,696,87,610
1035: 643,278,568,971
1036: 860,409,486,1266,1084
1037: 470,164,648,281,391,401
1038: 1172,1184,1115,1156,201,1003
1039: 262,1269,860,409,615
1040: 509,10,397,207,1134,1008
1041: 1021,845,924,877,200
1042: 1010,1008,180,1079,423,1103
1043: 1068,222,1163,1076,1186
1044: 1108,406,436,444,1292
1045: 855,592,1006,1197,1051
1046: 1030,1062,1014,1032,1174,73
1047: 974,388,1072,1133,460,1096
1048: 1232,731,1087
1049: 1195,644,463,975,818,534
1050: 3,504,760,603,742
1051: 56,1032,1174,1006,855,1045
1052: 1016,1012,1085,1124,268,643
1053: 835,671,714,1131
1054: 42,310,1094,288
1055: 864,1209,694,797,77,68
1056: 1099,1122,1011,1071,101,1162
1057: 1161,71,1171,1112,1063,1090
1058: 688,316,65,575,495
1059: 1020,96,605,56,855,915
1060: 786,1100,118,1110,550,916
1061: 26,165,1263,471,438,598
1062: 1046,1030,1014,1068,161,221
1063: 1090,1098,1072,1057,71,1083
1064: 915,1168,1028,56,1174,73
1065: 723,208,901,146,1004,645
1066: 545,1002,1033,1078,740,24
1067: 1156,1086,1092,1180,1069,1093
1068: 1043,222,1186,221,1062,1014
1069: 101,1162,1093,1156,1067,1003
1070: 42,658,479,882,705
1071: 1169,1142,1123,1056,1011,101
1072: 1063,1098,1133,1083,974,1047
1073: 269,846,1229,804,210,519,693
1074: 286,999,1298,1212,1256,1282
1075: 1186,1150,91,810,1081,221
1076: 1151,515,1163,346,1148,1043,222
1077: 573,1139,352,1085,1016
1078: 1085,1124,1128,1033,1066,24
1079: 180,202,1083,974,423,1042
1080: 1193,404,964,150,322,505
1081: 161,798,221,810,1075,767
1082: 416,576,279,383,406,1207,444
1083: 202,1079,71,1063,1072,974
1084: 319,1265,72,1266,1036
1085: 1124,1078,1128,1077,1052
1086: 1156,1092,1067,1113,1126,1184
1087: 1181,1048,554,731
1088: 984,969,528,738,524,54
1089: 745,642,416,64,468
1090: 1063,1098,1112,1099,1122,1057
1091: 1255,116,686,1018,634,620
1092: 1086,1067,1180,1027,691,1113
1093: 1069,101,770,1142,115,1180,1067
1094: 532,331,288,1054,310,398,1116
1095: 235,1026,1106,1019,1005
1096: 91,460,1133,201,1115,1047
1097: 434,1196,876,1145,1027
1098: 1063,1090,1072,1099,1133,1022
1099: 1056,1122,1162,1090,1098,1022
1100: 786,1132,1060,909,1185,1110
1101: 174,317,634,579,1255,60
1102: 1109,987,1259,1297,931,1105
1103: 901,1004,423,1042,1010
1104: 52,966,1138,467,806
1105: 482,1295,1109,1102,931,1120
1106: 1019,1113,1196,691,1095,1026
1107: 976,1006,222,1014,1032
1108: 1199,406,1044,417,1292,1178
1109: 1117,987,1102,1129,890,1105,1120
1110: 225,527,550,1100,1060,936,1185
1111: 649,803,563,1114,307,425,134
1112: 1171,1157,1122,551,1057,1090
1113: 1106,1019,1126,691,1086,1092
1114: 563,581,1127,307,1111
1115: 1172,1038,201,91,1096,1150
1116: 398,356,49,310,1094
1117: 1109,987,660,331,398,1129
1118: 1138,107,1136,1281
1119: 340,1288,783,512,1164,589
1120: 1171,1157,1109,890,482,1105
1121: 1291,495,452,575,1159,378
1122: 1056,1099,551,1011,1112,1090
1123: 457,1142,814,1290,1169,1071
1124: 1085,1078,1052,224,24,643
1125: 840,433,45,1195,644,819,768
1126: 1019,1113,1086,1184,1151,515
1127: 9,307,1114,1223
1128: 352,176,632,1033,1085,1078
1129: 446,88,890,398,1109,1117
1130: 1152,621,1166,818,521,975
1131: 133,1053,714,1188
1132: 786,1100,333,507,1167,909
1133: 201,1022,1098,1072,1047,1096
1134: 223,207,627,180,1040,1008
1135: 740,439,433,545,768,1024
1136: 153,1281,1138,1118,467
1137: 427,789,244,482,1295,1161,1015
1138: 437,107,1118,1136,1104
1139: 573,73,1077,1028,1016,1001
1140: 254,247,149,1285,830,314
1141: 673,744,1242,659,656,1284
1142: 457,770,115,1123,1071,101,1093