0: 58,496,408,751,558,540
1: 1154,681,1168,1064,1020,487
2: 724,104,461,426
3: 504,15,1050,763,46,760
4: 548,712,968,913,617,526
5: 650,942,953,844
6: 988,566,172,290,377,716
7: 442,337,587,730,361,572
8: 1267,1228,874,653,590,121
9: 1127,307,543,1223,803,163
10: 621,1166,1152,407,1040,171,397,509
1280: 62,1181,94
1209: 186,314,773,694,1055,149
1214: 753,498,348,586,677,608
1235: 578,402,989,734,906,155,982
15: 3,504,143,46,872,85
16: 736,38,842,66
17: 1145,470,164,434,986
1256: 1170,193,1074,1212,1282
19: 374,908,529,940,981,762
20: 299,1009,122,549,475,914
21: 106,394,542,674,566,172
1152: 521,621,10,407,631,941
23: 945,928,754,795,822
24: 740,1147,1085,224,1124,568
25: 1203,476,305,1248,758,679
26: 165,1263,1061,261
27: 604,1220,170,32,629,747
28: 1203,85,504,633,706
29: 484,619,100,424,232
30: 618,917,284,126,593,927
31: 529,727,917,782,181
32: 395,919,170,604,784,27
33: 762,55,807,981,828,866
34: 661,571,789,925,292,1013
35: 1145,876,1278,514,164,733
36: 227,671,683,1183,1017,835
37: 783,811,861,1119,512
38: 736,16,585,66,1215,1221
39: 921,190,259,148
40: 825,992,238,360,832,356
41: 1157,1011,285,1056,1122
42: 934,1054,310,288,1116
43: 271,531,541,946,958
44: 358,103,112,458
45: 1004,1010,840,723,1194,1033
46: 143,847,763,195,3,15
47: 1035,1199,1154,525,268
48: 742,468,633,459,657
49: 501,1273,446,398,285
50: 56,976,1041,1043,222
1270: 74,384,1275,1249,187
52: 806,966,1224,129,697
53: 799,481,865,897,622,255
54: 669,524,738,1088,1251,1217
55: 794,33,762,686,866,620
56: 976,1107,50,855,222,1174
57: 816,204,579,883,991,1204
58: 878,496,0,641,540,713
59: 957,592,924,622,1006
60: 1255,113,174,1101,752,777
61: 281,1258,450,168,402,380
62: 1280,94,979,881,859
63: 393,612,888,242,250
64: 416,383,96,711,745,448,279
65: 807,181,316,226,495
66: 1215,280,16,38
67: 1261,774,350,1246,457,692
68: 300,311,694,1055,993,77
69: 467,613,734,806,697,989
70: 266,959,119,1177
71: 1057,1083,1015,627,202,974
72: 365,422,1266,1268,1084,319
73: 1077,1139,1046,1014,1107,1032
74: 1270,109,611,1249,160
75: 760,757,1197,488,1050,605,603
76: 150,480,964,949,1080
77: 797,1055,300,68
78: 399,1267,1228,455
79: 188,1178,908,413,794,1190
80: 182,1259,1253,661,571,1109
81: 308,602,922,301
1231: 386,795,822,867,647,247
1167: 936,867,247,1140
84: 904,628,263,678,249,564
85: 1203,476,28,872,504,15
86: 836,309,753,498
87: 147,624,451,696,1034,610
88: 660,987,890,1129,331,1169
89: 1106,1026,1113,175,1019,235
1218: 1244,265,493,166
91: 1075,1081,1150,1096,1115,810
1255: 116,113,60,1091,634,1101
93: 145,203,190,493,1244,921
94: 282,979,412,554,62,1280,1181
95: 606,771,984,528
96: 1020,1059,711,605,448,64
97: 355,985,788,1141,639
98: 548,1204,213,816,317,396
99: 593,118,1024,194,786,333
100: 484,29,211,1179,232,972
101: 1098,1099,1162,1093,1069,1071
1250: 705,658,1070,479,1054
103: 358,586,44,458,511,667
104: 724,544,2,933,258
1269: 1036,409,615,860,1039
106: 21,394,566,162,403
107: 1138,437,1118,537
108: 625,250,882,669,246,612
109: 1225,74,459,657,611
1196: 691,1113,1027,191,1106
111: 752,113,295,392
112: 520,458,261,44
113: 1255,116,60,295,752,111
114: 232,972,928,1262,750,530
115: 457,1093,770,1069,1067,692
116: 1255,113,295,1091,729,620
117: 477,726,937,826
118: 593,99,927,786,1110,916
119: 341,70,266,408,496
1176: 731,478,301,588
121: 1240,1252,653,8,1228
122: 599,885,549,20,216,475
1257: 881,785,852,920,193,327
124: 606,771,418,539,801,829
125: 271,362,956,805,902,480
126: 1135,439,1024,593,618,30
127: 139,159,207,519,693,1274
1238: 601,964,997,787
129: 243,728,697,1224,52,274
1217: 1251,163,410,543,738,54
131: 954,683,843,198,904,720
132: 780,624,700,1182
133: 1131,1188,293,670
134: 425,438,1111,649,583,435
135: 486,570,308,421
136: 655,541,946
137: 861,1211,982,494,335,1258
138: 418,539,536,477
139: 127,207,693,973,397
140: 368,725,142,197,343
1247: 1281,365,1268
142: 983,725,978,553,368,140
143: 678,847,46,249,872,15
144: 216,626,475,429,950,353
145: 203,187,93,190,970,400
146: 1031,901,675,723,1065,645
147: 624,87,451,575,431,700
148: 851,39,259,387
149: 936,1140,314,773,1209
150: 322,338,902,76,480,1080
1182: 1159,452,700,132
152: 727,940,1210
153: 1136,1281,1268,467,613,319
154: 668,306,1239,1276,875,562
155: 906,1260,734,820,1265,1235
156: 334,998,198,1000,1189,1023
157: 506,1039,704,664,286,382
158: 916,938,701,927,284,264
159: 127,207,449,519,1134
160: 1249,220,611,74,442,587
161: 798,1062,1075,1081,221
162: 538,988,566,106,182
163: 1217,410,9,543,1243,803
164: 470,733,35,17
165: 26,1061,598,520,261,831
166: 493,695,963,1241,265,1218
167: 716,856,217,430,326,377
168: 61,243,728,578,402,380
1160: 1144,1044,417,1108,1213,1153
170: 1158,32,919,629,27
171: 1040,397,10
172: 566,6,329,716,674,21
173: 401,839,811,827,381,959
174: 776,1101,317,60,1234,777
175: 89,1026,235
176: 798,1030,508,632,517
177: 704,248,850,664,369,862
178: 430,326,831,520,458,667
179: 327,546,718,778,990
180: 627,1079,1042,223,449,1134
181: 807,833,981,65,31,529,782,316
182: 1259,80,538,162,1253
183: 746,581,565
1157: 1011,1169,41,890,1171,1122
185: 196,535,503,415,886,1239
186: 314,1209,1055,229,797,864
187: 145,203,1270,1275,1249,970
188: 79,1178,1153,1205,1035,413
189: 895,949,362,306,857
190: 145,203,93,39,921,259,400
191: 434,923,986,1196,1106
192: 253,740,1147,439,618,727,1210
193: 1170,1256,1212,1257,920,327
194: 347,1024,534,333,99
195: 763,957,799,759,847,46
196: 535,185,237,682,503,1216
197: 364,1222,1221,140,343
198: 334,156,1189,720,131,954
199: 235,845,1021,1191,303
200: 1006,257,1021,1041,303
201: 1115,1038,1022,1096,1133
202: 388,423,974,71,627,1079
203: 145,187,93,190,493,1275
204: 57,579,991,1018,297,634
205: 792,354,212,1227,948
206: 616,510,462,463,1049
207: 127,139,159,449,519,1134,1040,397
208: 840,1065,717,1002,1052,1066
209: 256,990,769,718,320,276
210: 292,1013,804,1073,1274
211: 680,1146,484,100,1179
212: 617,526,205,354,283,1227
213: 548,98,617,396,283,363
214: 767,508,466,810,460,1081,798
215: 663,813,607,856,325,217
216: 626,719,144,475,122,885
217: 856,167,873,215,607,326
1212: 862,359,1074,920,1256,193
219: 963,385,469,706,679,793
220: 1249,160,970,442,318,351
221: 1186,1076,1075,161,1062,1068
222: 1014,1068,1076,1043,56,1107,50
223: 244,1015,432,449,180,627
224: 643,1124,1016,233,24,568
225: 1060,527,550,1110,1185
226: 495,807,65,376,828
227: 735,339,671,36,683,843
228: 296,267,560,1279,1007
229: 541,652,186,314,655,864
230: 827,1095,401,955
1234: 777,776,174,289
232: 114,972,29,100,424,1262
233: 1016,1028,224,525,568,971,268
234: 914,429,748,966,1224,721
235: 405,845,199,89,175,1191
236: 249,564,872,735,476,758
237: 196,535,682,841
238: 40,825,888,834,360
1177: 513,848,70
240: 912,673,1242,626,950,544
241: 857,956,637,871,386,647
242: 63,250,934,825,310
243: 728,129,380,456,168
244: 482,223,1015,1105,432,1137
1166: 621,10,509,821,1004,975
246: 669,524,790,854,108,612
247: 254,647,1140,1231,867,1167
248: 850,177,664,781,328
249: 564,236,872,84,678,143
250: 882,108,63,612,242,934
251: 302,978,375,836,899,567
1268: 365,72,153,1247,1281,319
253: 740,1147,192
254: 647,247,1140,637,961,830
255: 759,713,263,878,53,481
256: 769,209,320,953,998,650
257: 1006,200,1051,1041,976,1045
258: 298,104,952,350
259: 379,387,400,190,39,148
260: 597,1219,1170,440,778,357
261: 112,520,26,165
262: 781,588,602,421,409,615
263: 759,713,255,84,628,678
264: 688,782,316,284,158,701
265: 670,1241,166,1218
266: 70,381,783,408,1164,119
267: 732,228,296,1007,631,1187
268: 1205,971,233,525,1035,47
269: 846,1229,343,364,600,672,523,1173
1150: 1075,91,1115,1172,1163,1186
271: 43,531,125,805,902
1274: 1073,693,210,1013,427,127,519
273: 471,665,746,425,438
274: 461,557,721,1224,129
1191: 1019,1005,235,199,877,303
276: 320,718,869,209
277: 379,400,970,318,411
278: 940,1210,1147,568,574,374
279: 448,487,1198,406,64,383
280: 66,1215,1175,932
281: 61,450,380,648,1037,391
282: 94,979,412,369,850,785
283: 838,363,1227,213,212,617
284: 917,30,927,158,782,264
285: 1056,1142,446,501,49,1011,41
286: 999,382,1074,157,704,359
1190: 686,1018,297,79,1178,794
288: 1094,532,42,1054,542
289: 1237,776,1245,1234
290: 988,6,377,344,492,951
291: 1143,338,531,958
292: 210,1013,925,34,983,804
293: 1241,385,305,1188,133,670
1170: 440,1256,193,778,260
295: 116,113,635,729,392,111
296: 732,228,1025,267,560,784
297: 1018,1190,1178,1144,204,991
298: 258,426,514,350,876
299: 20,1009,537,549
300: 577,311,68,77
301: 478,922,81,602,588,1176
302: 251,978,375,858,809
303: 877,1041,1191,199,1021,200
304: 318,411,351,702,792,354
305: 1248,1188,25,679,385,293
306: 154,668,562,189,895
307: 9,1127,563,1114,1111,803
308: 81,602,421,135
309: 836,899,86,842
310: 825,992,242,42,934,1116
311: 300,577,68,993,610,815
1249: 160,220,970,1270,74,187
1228: 8,1267,78,121,1240,455
314: 186,1209,1140,149,652,229,830
315: 968,900,1044,883,712
316: 688,782,264,181,65
317: 776,174,1101,816,579,98
318: 304,411,351,220,970,277
319: 820,1084,153,72,1268,613
320: 276,256,209,650
1193: 404,505,1192
322: 150,338,1080,505,472,1143
1154: 681,1,525,487,1198,47,1199
1179: 1276,503,1216,211,1146,100
325: 329,856,215,813,658,705
326: 178,430,831,873,167,217
327: 179,546,852,1257,193
328: 781,588,248,850,412
329: 716,856,325,674,705,172
1186: 1076,1148,221,1163,1075,1150
331: 1123,1094,88,1011,1169
332: 392,483,635,707
333: 786,1132,507,534,194,99
334: 942,953,998,156,198,954
335: 906,1260,453,137,1211,982,382
1267: 8,1228,78,399
337: 7,587,576,715,730,1207
338: 150,322,902,531,1143,291
339: 735,227,671,1248,758,714
340: 1119,512,1282,1074
341: 513,119,878,496,481
1163: 1151,346,1172,1150,1186,1148
343: 269,1229,140,725,197,364
344: 511,492,667,430,290,377
345: 993,1034,1060,527,773,694
346: 1163,1151,1005,1148,877
347: 768,1024,194,433,819,534,644
348: 753,1214,358,586
1178: 188,79,1153,1144,1190,297
350: 67,1261,774,952,258,298,876
351: 318,304,442,220,361,702
352: 573,517,1128,1001,643,1124
353: 724,950,144,429,461,721
354: 792,205,702,304,212,526
355: 985,97,834,1230,639,685
356: 398,40,992,832,1273
357: 990,769,1000,778,1219,260
358: 103,586,44,348
359: 1212,862,704,286,1074
360: 685,832,834,40,238
361: 702,913,572,442,7,351
362: 189,949,857,956,480,125
363: 863,283,838,213,662,396
364: 197,1222,269,343,600,676
365: 422,72,1268,1247
1169: 1157,1011,331,88,890
367: 415,708,787,668,601,895
368: 585,567,140,978,142
369: 282,850,177,862,785,920
1225: 109,384,459,469,793
1207: 730,436,444,1082,576,337
1245: 662,396,776,289,1237
1199: 47,417,1154,1198,1108
374: 908,413,19,574,940,278
375: 251,302,498,677,858,836
376: 635,729,828,866,226,483
377: 6,290,430,716,167,344
378: 707,483,495,1121
379: 277,259,387,400,411,874
380: 755,648,243,281,61,168
381: 266,959,173,783,811
382: 286,999,335,453,157,506,1211
383: 1082,416,64,448,279,406
384: 1225,1270,1275,695,793
385: 963,1241,293,219,305,679
386: 1231,795,871,530,241,647
387: 259,379,148,851
388: 423,202,974,466,460,1047
389: 651,948,1271,838,926,1227
1258: 61,450,402,137,982,494
391: 401,839,281,450,1037
392: 332,635,295,111
393: 63,612,888,854,779,985
394: 21,106,542,532,403
395: 32,600,919,560,672,784
396: 662,1245,98,213,363
397: 1040,171,139,207,407,518,973,10
398: 446,356,1123,49
399: 78,851,1267
400: 277,259,379,970,145,190
401: 391,839,173,827,230
402: 1235,578,1258,61,168,982
403: 1259,106,394,532,660,987
404: 1193,1080,997
405: 235,845,865,897
406: 279,1198,1082,383,1108,444
407: 518,397,631,10,1152
408: 751,1164,266,119,496,0
409: 1036,1269,615,486,421,262
410: 1251,1217,163,1236,1243,447
411: 318,304,277,379,792,590,874
412: 94,282,328,554,850
413: 374,908,1205,574,188,79
1239: 154,668,185,1276,503,415
415: 367,708,886,185,668,1239
416: 1082,576,64,383,745,1089
417: 1035,1199,1108,1153,1160
418: 539,138,536,124,656,829
419: 824,538,951,837,858
420: 518,973,1007,614,1279,1173
421: 308,602,135,486,409,262
422: 365,72,1266,570
423: 388,202,974,466,1079,1031,1103
424: 1029,965,619,29,232,1262
425: 438,134,1111,563,746,273
426: 514,1277,2,557,298
427: 1102,432,1013,1274,519
1226: 478,922,1232
429: 914,234,144,475,353,721
430: 178,326,167,344,667,377
431: 1058,575,701,688,147,451
432: 1102,427,1137,244,223,449,519
433: 1002,819,1052,545,347,768
434: 1180,191,17,986
435: 663,607,134,690,649,583
436: 730,1207,444,1213,1044,900
437: 1138,107,1009,537,748,1104
438: 425,134,471,273,1061,583
439: 1135,126,1078,740,192,618
440: 1170,589,1282,597,260
1242: 673,1141,240,912,639
442: 7,587,160,220,361,351
1189: 641,540,1023,156,198,720
444: 1207,436,406,1082,1108,1213
445: 859,881,852,994
446: 398,49,1011,285
447: 887,690,1243,410,1236,663,813
448: 279,487,1020,96,64,383
449: 159,207,519,1134,432,223,180
450: 281,1258,61,494,391,839
451: 147,87,696,938,701,431
452: 1058,575,700,1121,1159,1182
453: 335,1260,506,860,382
454: 507,534,644,1195,463,584
455: 1149,1228,78,1240
456: 755,557,243,1277
457: 115,770,1246,67,1067,692
458: 112,520,178,103,44,667
459: 469,48,633,1225,109
460: 810,1047,388,466,767,214
461: 274,557,721,724,2,353
462: 996,965,206,616,945,1049
463: 1049,584,206,510,1195,454
1165: 1149,929
1248: 305,758,714,1188,339,25
466: 388,423,460,1031,675,767,214
467: 69,613,1136,153,806,1104
468: 742,48,745,642,657,1089
469: 459,706,633,219,1225,793
470: 164,1037,17,986,955
471: 1155,273,438,1263,1061
472: 1192,505,322,1143
473: 741,863,926,905
1262: 945,928,424,965,232,114
475: 216,144,122,20,914,429
476: 1203,85,25,236,872,758
477: 117,937,138,536
478: 1226,922,301,1176,731
479: 882,1070,1250,934,1054
480: 150,902,76,949,362,125
481: 53,865,341,513,878,255
482: 244,1015,1105,1161,551,1057
483: 635,376,707,378,332
484: 619,29,100,732,1025,211
1161: 1171,1105,1122,551,482
486: 135,570,1266,421,1036,409
487: 448,279,1198,1020,1154,1
488: 1197,808,75,1059,605,603
1236: 1251,410,887,1070,447,625
1216: 503,1179,682,1146,196
1224: 966,52,234,274,721,129
492: 344,511,290,837,608,951
493: 1275,166,695,1244,1218,203,93
494: 137,861,1258,450,839,811
495: 226,1121,65,1058,378
496: 58,878,0,408,341,119
1181: 1280,554,1087,94
498: 753,1214,677,836,86,375
1187: 631,941,267,1029
1155: 471,1272,665,1263
501: 1273,49,814,285,1142,770
1219: 597,558,260,357,1000,1023
503: 1276,1216,1179,196,185,1239
504: 3,15,1050,85,28
505: 1193,1080,322,1192,472
506: 157,860,1039,1260,453,382
507: 534,454,584,909,1132,333
508: 675,767,214,176,798,632,645
509: 1040,821,684,1008,10,1166
510: 206,616,1130,818,1195,463
511: 344,492,667,103,586,608
512: 340,1119,861,999,37
513: 341,1177,481,865
514: 426,1278,1277,298,35,876
515: 1151,1126,1113,1019,1005
1265: 820,1084,155,1260,860
517: 352,573,176,1030,1128,632
518: 420,407,973,1007,397
519: 127,159,207,449,427,432,1274
520: 112,458,261,165,178,831
521: 621,1152,941,996,616,1130
1195: 818,1125,510,463,454,644
523: 672,269
524: 669,246,54,1088,528,790
525: 1154,681,233,1028,971,268,47
526: 212,617,702,913,4,354
527: 225,1060,936,773,345
528: 984,1088,606,95,524,790
529: 31,940,19,181,981
530: 750,871,114,928,386,795
531: 43,271,338,902,291,958
532: 1094,288,394,542,403,660
1220: 604,27,747,884,680,1146
534: 507,454,644,347,194,333
535: 196,185,237,886
536: 418,138,477,937,656,659
537: 299,1009,437,107
538: 824,419,951,162,1253,988,182
539: 418,138,124,771
540: 641,1189,1023,558,58,0
541: 652,229,43,946,136,655
542: 21,394,674,1054,532,288
543: 893,738,1223,9,1217,163
544: 724,104,950,240,912,933
545: 1052,1012,433,768,1135,1078
546: 179,327,718,852,869,994
1175: 1215,280,1222,1158,932,676
548: 712,1204,4,98,213,617
549: 599,122,20,299
550: 225,1060,1110,916,696,938
551: 1090,1112,1161,1122,482,1057
1244: 1218,493,93,921
553: 809,925,802,983,142
554: 1087,94,412,1181
555: 884,841,699,747
1149: 455,1165
557: 274,461,426,1277,456
558: 597,1219,751,0,540,1023
1251: 1217,410,1236,669,54,625
560: 672,1279,395,784,228,296
1266: 422,72,486,570,1036
562: 750,871,875,154,306,857
563: 746,581,1114,307,425,1111
564: 249,236,904,84,843,735
565: 892,1272,665,746,183
566: 988,6,172,21,106,162
567: 585,368,899,251,978,736
568: 971,224,233,1147,24,278
1192: 472,1193,505
570: 135,486,422,1266
571: 34,661,1253,80,925,802
572: 361,913,730,7,968,900
573: 352,517,1030,1077,1046,643
574: 1205,971,278,374,413
575: 1058,452,431,700,688,147
576: 1082,416,715,1089,1207,337
577: 300,311,815,780
578: 1235,402,989,728,697,168
579: 57,816,204,634,1101,317
1151: 1163,515,346,1126,1172,1005
581: 563,746,183,1114
582: 629,699,646
583: 598,873,438,134,607,435
584: 754,463,1049,507,454,909
585: 368,567,736,38,1221
586: 358,103,511,1214,348,608
587: 442,7,337,611,715,160
588: 781,262,328,602,301,1176
589: 1119,440,751,1164,597
590: 792,653,411,8,874
1230: 912,639,933,355,685,1264
592: 59,957,1051,1197,757
593: 99,118,927,1024,126,30
1185: 786,1132,1100,225,1110
1246: 1254,67,1261,457
1223: 543,893,9,1127
597: 1219,558,260,589,440,751
598: 583,873,165,1061,831
599: 122,885,826,549
600: 395,919,676,364,269,672
601: 964,1238,367,787,895,949
602: 81,308,421,301,262,588
603: 711,605,642,488,75,1050
604: 784,27,1220,32,1025,680
605: 711,603,488,75,1059,96
606: 124,95,771,528,801,790
607: 215,663,435,583,873,217
608: 677,837,586,511,492,1214
1164: 408,751,783,589,1119,266
610: 993,1034,624,87,311,815
611: 657,715,109,74,587,160
612: 393,63,246,854,250,108
613: 467,69,734,153,820,319
614: 1073,693,846,1173,420,973
615: 1269,409,781,262,1039
616: 206,510,1130,941,521,996,462
617: 212,526,548,4,213,283
618: 917,30,126,439,192,727
619: 484,29,732,1029,424
620: 729,866,55,686,116,1091
621: 521,10,1166,1152,975,1130
622: 53,799,897,924,59,957
623: 905,651,1233,800
624: 147,87,610,700,815,780,132
625: 882,108,1251,1236,669,1070
626: 216,719,144,673,240,950
627: 180,1079,223,1015,71,202
628: 904,84,720,641,713,263
629: 699,747,582,170,27
1261: 67,350,952,1254,1246
631: 1187,941,407,1007,267,1152
632: 1128,717,645,508,176,517
633: 742,48,28,459,469,706
634: 1018,204,579,1255,1091,1101
635: 729,376,483,295,332,392
1194: 818,1125,1004,45,975,1033
637: 956,241,805,254,647,961
1232: 1048,1226
639: 1230,912,1242,355,97
1279: 560,672,1173,420,1007,228
641: 1189,540,58,713,720,628
642: 711,603,745,1050,742,468
643: 224,1124,352,573,1077,1016
644: 534,454,1125,1195,819,347
645: 632,717,146,675,767,508,1065
646: 1158,932,582
647: 254,247,1231,386,241,637
648: 755,380,281,1037,733
649: 690,1243,803,134,1111,435
650: 5,256,320,953
651: 389,1271,1233,926,905,623
652: 541,961,229,830,314
653: 590,8,948,1271,121,1252
1204: 548,712,98,57,816,883
655: 136,541,229,864
656: 829,788,418,536,659,1141
657: 611,715,1089,48,468,109
658: 887,1070,813,325,705,1250
659: 744,1141,536,937,656
660: 88,987,1094,532,403
661: 34,571,789,1109,80,931
662: 1245,396,863,363,1237,741
663: 215,813,607,435,690,447
664: 704,248,177,157,1039
665: 565,1272,746,1155,273
666: 1264,685,939,1254
667: 344,511,458,178,430,103
668: 154,306,1239,415,367,895
669: 524,246,54,1251,625,108
670: 265,133,1241,293
671: 339,227,36,1053,835,714
672: 560,523,1279,1173,269,395,600
673: 744,1242,626,719,240
674: 705,329,172,21,542
675: 767,508,466,146,1031,645
676: 600,919,1175,364,1222,1158
677: 837,858,608,498,1214,375
678: 143,847,759,263,84,249
679: 706,1203,25,305,385,219
680: 211,1146,604,1220,1025
681: 1154,1,525,1064,1028
682: 884,841,1146,196,237,1216
683: 131,954,843,1183,227,36
684: 821,1008,1042,509,901,1103,1010
685: 360,355,834,1230,666
686: 1018,1190,794,55,620,1091
1210: 152,727,940,278,1147,192
688: 316,264,701,1058,575,431
1275: 493,695,1270,384,203,187
690: 649,1243,663,435,447
691: 1126,1196,1027,1086,1184
692: 1067,1097,67,774,115,457
693: 1073,614,1274,127,139,973
694: 773,1209,1055,993,345,68
695: 493,1275,166,793,963,384
696: 938,1060,550,1034,87,451
697: 728,129,806,52,69,578,989
1188: 305,1248,714,1131,133,293
699: 629,747,582,555
700: 452,575,147,624,132,1182
701: 938,158,688,264,451,431
702: 361,913,304,351,526,354
1241: 963,385,293,670,265,166
704: 177,664,157,286,862,359
705: 674,1250,658,329,325
706: 469,679,1203,28,633,219
707: 378,483,332
708: 415,367,886,787
1272: 565,892,665,1155
710: 1240,1252,1233,800,929
711: 605,603,745,642,96,64
712: 548,1204,4,315,968,883
713: 263,255,58,878,641,628
714: 1248,1188,339,671,1053,1131
715: 657,611,1089,576,337,587
716: 329,856,167,6,172,377
717: 1128,632,645,1065,208,1066
718: 179,546,869,990,209,276
719: 216,626,726,885,673,744
720: 904,628,641,1189,198,131
721: 274,461,234,429,1224,353
1184: 1003,1086,691,1126,1038,1172
723: 840,1065,146,901,45,1010
724: 104,950,544,2,353,461
725: 983,804,142,140,1229,343
726: 117,937,885,826,744,719
727: 31,152,1210,192,618,917
728: 243,129,697,578,168
729: 635,376,866,620,116,295
730: 1207,436,7,337,900,572
731: 1176,478,1048,1087
732: 296,1025,267,484,619
733: 164,1278,755,648,35
734: 69,613,820,1235,989,155
735: 339,227,843,564,236,758
736: 16,38,842,899,585,567
1183: 954,683,942,1017,844,36
738: 543,893,969,1088,1217,54
1227: 283,838,212,205,948,389
740: 253,1147,192,24,1085,439,1078
741: 473,662,863,1237
742: 48,468,633,1050,642
743: 819,1033,1125
744: 659,673,1141,726,937,719
745: 711,642,468,416,64,1089
746: 563,581,183,565,665,273,425
747: 629,699,27,1220,555,884
748: 914,234,1009,437,966,1104
1198: 279,487,406,1154,1199,1108
750: 871,530,562,875,114
751: 408,1164,589,597,558,0
752: 111,113,60,777
753: 498,1214,348,86
754: 1049,584,945,23,822,823,909
755: 380,648,456,1278,1277,733
1174: 1168,1032,56,1107,855,915
757: 760,75,763,957,592,1197
758: 1248,236,735,339,476,25
759: 263,255,799,195,678,847
760: 757,75,763,3,1050
1159: 1182,452,1121
762: 794,33,55,908,19,981
763: 957,195,46,760,757,3
1168: 1174,1032,1064,1020,915,1
1153: 188,1178,1035,417,1144,1160
1229: 269,846,343,804,725,1073
767: 675,508,214,466,460,798,645
768: 347,1024,433,819,545,1135
769: 256,990,357,209,1000,998
770: 115,457,1093,501,1142
771: 124,606,95,539
1240: 121,710,1252,1228,455
773: 1209,694,936,149,527,345
774: 67,350,876,692,1097
1252: 121,710,1240,653,1271,1233
776: 174,317,1245,1234,289
777: 1234,60,174,752
778: 179,1170,260,990,357
779: 801,854,829,788,393
780: 815,132,624,577
781: 262,588,328,615,248
782: 316,264,917,284,31,181
783: 37,811,1119,381,266,1164
784: 604,395,32,560,296,1025
785: 881,1257,920,282,979,369
786: 1132,333,1185,99,118,1110
787: 367,708,601,1238
788: 656,829,779,1141,97
789: 34,661,931,1117,1013,1102
790: 801,854,528,606,524,246
1263: 26,1061,1155,471
792: 205,590,354,304,411
793: 695,469,963,219,1225,384
794: 762,55,908,79,686,1190
795: 1231,386,822,928,23,530
1278: 514,1277,755,35,733
797: 864,77,186,1055
798: 176,161,1030,1081,767,508,214
799: 53,622,759,957,195
800: 929,1233,710,623
801: 790,854,779,124,606,829
802: 553,809,925,824,1253,571
803: 649,1243,9,307,1111,163
804: 983,725,292,210,1229,1073
805: 956,637,271,125,961
806: 966,1104,52,467,69,697
807: 181,833,981,65,33,226,828
808: 1197,1045,488,855,1059
809: 553,802,824,302,978
810: 460,1047,1096,1081,91,214
811: 783,37,494,839,173,381
1213: 1108,436,444,1160,1044
813: 215,663,658,887,447,325
814: 501,1273,939,1254
815: 780,610,624,577,311
816: 57,579,1204,98,317
1233: 651,1271,710,1252,623,800
818: 1125,1195,1194,975,510,1130
819: 1002,433,743,1033,1125,644,347,768
820: 1084,319,1265,613,734,155
821: 684,1008,509,1166,1004,1010
822: 1231,795,23,754,823,867
823: 1100,909,867,754,822
824: 538,419,1253,809,802
825: 40,992,310,238,242
826: 599,885,117,726
827: 848,230,401,173,959
828: 376,866,807,33,226
829: 656,788,124,418,801,779
830: 961,652,254,1140,314
831: 178,326,165,598,873,520
832: 360,939,40,356,1273
833: 807,181
834: 355,985,888,238,360,685
835: 1053,1017,671,36
836: 309,899,86,498,251,375
837: 677,858,608,492,419,951
838: 863,283,363,926,1227,389
839: 391,401,173,450,494,811
840: 723,1065,208,45,1002,1033
841: 555,682,884,237
842: 736,16,309,899
843: 131,683,904,564,735,227
844: 1017,942,5,1183
845: 405,235,924,199,1021,897
846: 269,1229,1073,614,1173
847: 678,143,46,759,195
848: 827,1095,959,1177
1173: 672,1279,269,846,614,420
850: 248,177,328,282,412,369
851: 148,387,399
852: 881,1257,445,327,546,994
1172: 1115,1038,1184,1126,1163,1151,1150
854: 801,790,779,246,393,612
855: 56,976,808,1045,1174,915
856: 329,716,325,167,217,215
857: 956,241,871,562,189,362
858: 677,837,419,302,375
859: 445,979,62,881
860: 506,1039,1265,1269,1260,453
861: 137,1211,494,999,37,512
862: 1212,359,704,177,369,920
863: 838,363,926,662,741,473
864: 797,229,186,655
865: 53,481,897,513,405
866: 729,376,828,620,33,55
867: 823,1231,822,247,1167
1205: 574,971,268,1035,413,188
869: 994,546,718,276
1237: 289,662,1245,741
871: 750,530,562,386,857,241
872: 249,236,143,15,476,85
873: 598,583,607,326,831,217
874: 8,411,379,590
875: 1276,972,154,750,562
876: 1145,35,298,514,774,350
877: 1041,303,1043,346,1191,1005,1148
878: 58,496,341,481,713,255
1222: 197,364,1221,1215,1175,676
1243: 690,649,803,163,410,447
881: 785,852,1257,979,62,859,445
882: 625,250,108,479,1070
883: 57,991,315,712,1204
884: 555,682,841,747,1220,1146
885: 599,122,826,726,216,719
886: 415,708,535,185
887: 658,1070,447,1236,813
888: 393,63,985,834,238
1271: 651,948,389,1233,653,1252
890: 88,1129,1157,1169,1120,1171
1260: 906,335,155,453,1265,506,860
892: 565,1272
893: 543,738,1223,969
1171: 1105,1161,1122,890,1157,1120
895: 189,949,367,668,306,601
1221: 197,1222,38,585,1215
897: 53,865,622,405,845,924
1259: 182,403,80,987,1109
899: 836,309,251,736,842,567
900: 315,968,730,436,1044,572
901: 146,1031,1103,684,1010,723
902: 150,338,480,271,531,125
1203: 476,85,28,25,706,679
904: 84,720,628,131,843,564
905: 623,926,651,473
906: 335,155,1260,1235,982
1162: 1098,101,1069,1156,1003,1022
908: 374,413,19,79,794,762
909: 1100,823,754,584,507,1132
1264: 666,952,1230,933
1206: 
912: 240,1230,639,933,1242,544
913: 361,702,572,968,4,526
914: 234,429,748,20,1009,475
915: 1020,1059,855,1174,1168
916: 938,158,118,927,550,1110
917: 618,30,284,31,727,782
1180: 434,1092,1097,1027
919: 395,32,600,676,1158,170
920: 785,1257,369,1212,862,193
921: 39,1244,93,190
922: 1226,478,301,81
923: 986,955,191,1095,1106,1026
924: 845,1021,897,622,1006,59
925: 553,802,34,571,983,292
926: 863,838,651,389,473,905
927: 593,118,30,284,916,158
928: 23,1262,114,530,795
929: 800,710,1165
1156: 1003,1086,1069,1092,1067,1162
931: 1117,1129,661,789,1109
932: 646,1158,280,1175
933: 1230,912,104,544,1264
934: 42,1054,250,479,242,310
1211: 137,861,335,999,382
936: 1167,149,1140,527,773
937: 117,477,726,536,659,744
938: 916,696,158,701,550,451
939: 832,666,1273,814
940: 152,529,1210,278,374,19
941: 631,1187,521,1152,996,1029,616
942: 334,953,5,954,1183,844
1282: 340,1074,440,1256
1273: 501,49,814,832,939,356
945: 23,1262,462,965,754,1049
946: 958,43,541,136
1277: 426,1278,514,557,755,456
948: 389,1271,205,653,1227
949: 189,895,362,601,76,480
950: 724,544,353,626,144,240
951: 538,419,492,988,290,837
952: 1264,258,1254,1261,350
953: 334,942,998,256,650,5
954: 131,683,1183,334,942,198
955: 923,986,470,230,1095
956: 857,241,637,805,362,125
957: 763,59,195,592,799,622,757
958: 946,43,531,291
959: 70,381,173,848,827
1215: 66,280,1175,38,1222,1221
961: 652,830,637,805,254
1158: 646,932,170,1175,919,676
963: 1241,385,219,166,695,793
964: 601,997,1238,1080,76
965: 996,424,462,945,1262
966: 806,1224,1104,52,234,748
1276: 503,875,1179,972,154,1239
968: 315,900,913,572,712,4
969: 984,1088,893,738
970: 1249,220,145,187,318,277,400
971: 1205,568,574,268,233,525
972: 232,114,100,1276,875
973: 420,518,614,693,139,397
974: 388,423,202,1083,71,1072,1047
975: 1004,621,1166,1130,818,1194
976: 56,50,855,1041,257,1045
1253: 824,538,182,80,802,571
978: 251,302,809,368,567,142
979: 94,282,62,881,785,859
1254: 1246,666,952,814,1261
981: 807,181,529,19,33,762
982: 137,1235,402,906,335,1258
983: 804,725,142,553,925,292
984: 1206,969,1088,528,95
985: 355,97,834,393,888
986: 923,955,17,470,191,434
987: 660,88,1129,1259,403,1109
988: 566,6,290,538,951,162
989: 1235,578,69,734,697
990: 769,357,209,179,718,778
991: 57,204,883,1144,297
992: 40,825,310,356,1116
993: 1034,345,610,694,311,68
994: 869,852,445,546
1197: 808,1045,488,1051,592,757,75
996: 1029,462,965,941,521,616
997: 964,1238,404,1080
998: 334,953,156,256,769,1000
999: 286,382,1074,861,1211,512
1000: 769,357,1219,1023,998,156
1001: 1012,1066,1085,1128,352,1124
1002: 433,819,1033,840,208,1052
1003: 1156,1086,1184,1162,1038,1022
1004: 45,975,1010,821,1166,1194
1005: 1019,1191,1151,515,346,877
1006: 200,257,1051,924,1021,59
1007: 420,518,1279,228,267,631
1008: 821,684,1134,1042,1040,509
1009: 20,299,537,437,914,748
1010: 1004,45,821,684,901,723
1011: 1157,1169,41,446,331,285
1012: 1052,545,1066,1001,1085,1078
1013: 292,210,34,789,427,1274
1014: 222,1068,1062,1107,73,1046
1015: 244,482,223,1057,71,627
1016: 233,1028,1077,1139,224,643
1017: 844,1183,36,835
1018: 686,1190,297,634,204,1091
1019: 1191,1005,1113,89,515
1020: 1059,96,915,1168,1,448,487
1021: 845,924,199,303,1006,200
1022: 201,1038,1098,1162,1003,1133
1023: 1189,540,1219,558,1000,156
1024: 347,768,194,1135,126,593,99
1025: 732,296,604,784,680,484
1026: 1106,89,923,1095,175
1027: 691,1196,1092,1180,1086
1028: 1016,233,1139,1064,681,525
1029: 996,424,1187,941,619
1030: 176,798,1062,573,517,1046
1031: 146,901,1103,423,466,675
1032: 1174,1168,1064,1107,73,1139
1033: 1002,743,819,45,840,1125,1194
1034: 993,345,610,1060,696,87
1035: 47,417,1205,268,188,1153
1036: 1269,409,1266,486,1084
1037: 470,648,281,391
1038: 201,1115,1172,1022,1003,1184
1039: 157,506,860,1269,615,664
1040: 171,397,509,207,1134,1008,10
1041: 877,303,1043,200,257,976,50
1042: 180,1079,1134,684,1008,1103
1043: 877,1041,1076,1148,222,50
1044: 1160,1213,436,315,900
1045: 1197,808,257,1051,976,855
1046: 1077,73,1030,1062,1014,573
1047: 810,460,1096,1072,388,974
1048: 1232,731,1087
1049: 754,463,584,462,206,945
1050: 3,504,760,75,603,642,742
1051: 1006,257,592,1197,1045
1052: 1012,545,1066,208,1002,433
1053: 835,671,714,1131
1054: 42,934,479,1250,542,288
1055: 186,1209,694,797,77,68
1056: 285,1142,41,1122,1090,1071
1057: 1083,71,551,1112,482,1015
1058: 452,575,431,688,495,1121
1059: 1020,96,915,808,488,605
1060: 225,527,550,696,1034,345
1061: 26,165,1263,471,438,598
1062: 161,1030,221,1014,1068,1046
1063: 1072,1133,1112,1098,1099,1083
1064: 1168,1032,1139,1028,681,1
1065: 840,723,208,146,717,645
1066: 1052,1012,1001,208,1128,717
1067: 1092,692,115,457,1069,1156
1068: 222,1014,1076,221,1062
1069: 115,1093,1067,101,1162,1156
1070: 658,887,1236,625,882,479,1250
1071: 1090,1056,1142,1093,101,1099
1072: 1063,1096,1133,1083,974,1047
1073: 614,693,1274,804,210,846,1229
1074: 286,999,1212,359,340,1282,1256
1075: 1081,1150,91,1186,221,161
1076: 1186,1148,221,1043,222,1068
1077: 73,1139,1046,573,643,1016
1078: 1135,439,1012,545,1085,740
1079: 180,627,1042,423,202,1103
1080: 404,505,964,997,150,322,76
1081: 1075,91,810,214,161,798
1082: 416,576,383,406,1207,444
1083: 1057,71,1112,1063,1072,974
1084: 820,319,1265,72,1036
1085: 1012,1001,1124,1078,740,24
1086: 1156,1003,1184,1092,691,1027
1087: 1048,554,731,1181
1088: 984,969,528,738,524,54
1089: 657,715,745,468,416,576
1090: 551,1112,1071,1056,1122,1099
1091: 1255,116,686,1018,634,620
1092: 1067,1180,1156,1086,1027
1093: 115,770,1069,1142,1071,101
1094: 532,288,1123,331,1116,660
1095: 848,230,923,955,1026
1096: 1072,1133,201,810,1047,91
1097: 692,774,1145,1180
1098: 101,1099,1162,1063,1133,1022
1099: 1098,101,1090,1112,1071,1063
1100: 823,909,1132,1185
1101: 174,317,634,579,1255,60
1102: 427,432,1137,789,1117
1103: 1031,901,1079,1042,423,684
1104: 806,966,1138,437,748,467
1105: 1171,1161,1120,1137,244,482
1106: 89,1026,191,923,1196,1113
1107: 56,222,1014,73,1174,1032
1108: 1213,1198,406,1199,417,444,1160
1109: 661,1259,80,987,1129,931
1110: 225,550,786,1185,118,916
1111: 425,134,563,307,649,803
1112: 551,1090,1099,1057,1083,1063
1113: 1126,1196,1106,89,515,1019
1114: 563,581,1127,307
1115: 201,1038,1172,1150,91
1116: 1123,42,992,310,1094
1117: 1120,931,789,1102,1137
1118: 1138,107,1136
1119: 340,589,512,783,37,1164
1120: 1117,890,1171,1105,1137
1121: 495,1058,452,1159,378
1122: 1171,1161,1157,41,1056,551,1090
1123: 398,331,1116,1094
1124: 224,643,352,1001,1085,24
1125: 818,1195,1194,743,819,1033,644
1126: 691,1113,1184,1172,1151,515
1127: 9,307,1114,1223
1128: 632,717,352,517,1066,1001
1129: 88,987,890,1109,931
1130: 616,510,521,621,975,818
1131: 133,1053,714,1188
1132: 786,333,1185,507,1100,909
1133: 1063,1096,1072,1098,201,1022
1134: 159,207,449,180,1042,1040,1008
1135: 126,439,1078,545,768,1024
1136: 153,1281,1138,1118,467
1137: 1102,432,1120,1117,1105,244
1138: 437,107,1118,1136,1104
1139: 1077,73,1032,1064,1016,1028
1140: 254,247,936,1167,149,830,314
1141: 659,744,1242,656,788,97
1142: 285,1056,501,1093,770,1071
1143: 291,322,338,472
1144: 1160,1178,1153,297,991
1145: 35,876,17,1097
1146: 211,680,1220,682,884,1216,1179
1147: 253,740,192,24,568,1210,278
1148: 1186,1076,1163,346,877,1043
1281: 1136,153,1247,1268