0: 408,751,558,58,540
1: 1168,681,1020,915,1198,487
2: 258,298,724,104,461,1300
3: 504,15,1050,763,760
4: 548,712,968,913,617,526
5: 650,942,953,844
6: 988,566,290,716,377
7: 442,337,587,730,361,572
8: 1267,874,590,653,121
9: 1127,307,543,1223,803,163
10: 1040,509,397,407,1029,1187,621
1280: 62,1181,94,859
1209: 864,314,773,186,1055,149,694
1214: 753,498,348,586,677,608
1235: 578,402,989,734,906,155
15: 3,504,249,872,85
16: 736,38,842,66
17: 986,470,164,434,191
1256: 1170,193,1282,1212,920,340
19: 940,374,31,278,568
20: 299,1009,122,549,475,914
21: 106,394,1250,674,329,566
1152: 621,684,941,1187,1130,521,616
23: 928,945,754,795,822
24: 224,1124,1147,1077,1128,740
25: 469,706,1203,305,219,385
26: 165,1061,1263,261
27: 604,784,1220,32,629,747
28: 1203,85,504,633,706
29: 996,965,619,424,1262
30: 126,917,284,593,118,927
31: 19,940,568,1058,762,529
32: 604,784,27,170,395,919,629
33: 55,529,65,226,376,866
34: 1297,80,571,661,1013,789
35: 1145,1302,1278,733,164
36: 671,227,683,1183,1017,835
37: 512,1288,137,861,494,839
38: 736,16,585,66,1215,1221
39: 921,190,259,148
40: 825,992,238,360,832,834
41: 446,1109,1094,551,1117
42: 934,288,1070,310
43: 271,531,541,946,958
44: 358,103,112,458
45: 208,1065,723,1194,1195,1002
46: 678,249,847,195,799,957
1295: 1105,482,1137
48: 657,1287,459,1225,109
49: 501,1283,814,356,446,285
50: 877,175,303,222,897,976
1270: 74,384,1275,695,1249,187
52: 966,1224,1104,806,129,697
53: 897,481,865,1301,759,799
54: 669,524,738,1088,1251,1217
55: 33,762,794,620,529,866
56: 855,1045,1059,1041,1028,1064,1304
57: 816,991,579,1213,883,1204
58: 878,496,0,641,540,713
1296: 513,1177,303,897,865
60: 1255,116,174,752,777
61: 1258,380,982,578,402,168
62: 1280,94,282,979,859
63: 242,612,238,393,985,888
64: 416,96,711,1089,383,448
65: 495,1058,33,1291,226
66: 1215,280,16,38
67: 876,774,1261,1246,457,692
68: 300,311,1055,993,694,77
69: 467,613,734,806,697,989
70: 381,266,119,1177
71: 1161,1057,1015,1063,202,627
72: 365,422,1268,1266,1084,319
73: 1028,1064,1174,1046,1032,1030
74: 1270,109,384,611,1249,160
1127: 9,307,1114,1111,1223
76: 949,480,964,1080,150
77: 797,1055,300,68
78: 399,1267,1228,455
1291: 483,226,1121,65,495,575
80: 34,1297,571,1253,1259
81: 308,602,922,301
1231: 386,795,822,647,247
1167: 786,1132,584,454,507,333,909
84: 263,904,628,678,249,564
85: 1203,476,28,872,504,15
86: 836,309,753,498
87: 815,624,610,696,451,1034
88: 1105,482,1102,1109,1117,1120
89: 1148,1191,1095,1005,1019
1218: 1244,265,166
91: 460,1096,1075,1150,466,810
1255: 116,1091,60,634,1018
93: 493,1275,1244,203,190,921
94: 282,412,554,1280,62,1181
95: 606,771,984,528
96: 1020,605,711,1089,448,64
97: 355,985,888,788,1284,639
98: 548,1204,213,816,317,396
99: 194,1024,333,786,1060
100: 484,424,211,1146,114,972
101: 1069,1003,1093,1142,1071,1056
1250: 21,394,674,288,532
103: 358,586,44,458,667,511
104: 724,544,933,1264,258,2
1269: 781,262,588,1039,248,328
106: 21,394,566,162,182,403
107: 1138,437,1118,537
108: 625,250,882,669,246,612
109: 1225,74,384,657,611,48
1196: 1106,1095,691,1097,191,1026
111: 752,113,295,116,392
112: 261,458,44
113: 111,295,116
114: 972,750,424,100,1262,928
115: 457,1123,1093,1180,692
116: 1255,60,295,752,111,113
117: 477,726,937,826
118: 593,1060,30,916,927
119: 513,70,266,408,496
1176: 554,731,478,301,781,588
121: 1240,1252,1228,8,1267,653
122: 599,885,549,20,216,475
1257: 369,785,852,979,327
124: 606,771,418,539,801,829
125: 271,805,480,362,956,902
126: 917,30,439,593
1290: 1246,501,814,1286
1238: 601,964,997,787
129: 243,728,697,274,52,1224
1217: 1251,163,410,543,738,54
131: 954,683,1293,198,904,720
132: 700,452,815,624,780,1182
133: 1131,1188,293,670
134: 425,438,273,649,435,583
135: 486,570,308,421
136: 655,541,229,946
137: 861,1211,494,335,982,37
138: 418,539,536,477
139: 1007,407,449,519,693,614,397
140: 725,142,1229,368,343
1247: 153,1281,365,1268
142: 140,978,553,809,368
1136: 153,1281,1138,1118,467
144: 216,626,475,429,950,353
145: 203,187,190,970,277,259,400
146: 508,645,901,675,208,1065
1288: 512,37,861,1074,1119,1298
148: 851,39,259,387
149: 936,1285,1140,314,773,1209
150: 322,338,902,76,480,1080
1182: 1159,452,132,780
1148: 222,1191,346,1107,89,1005
153: 1136,1247,1281,1268,467,613,319
154: 668,306,1239,1276,875,562
155: 906,1260,734,820,1265,1235
156: 334,998,198,1000,1189,1023
157: 506,664,704,615,286,382
1139: 1033,1052,176,573,352,1012,1078
1287: 742,633,642,459,48
160: 1249,220,611,74,442,587
1126: 1106,1113,1086,1184,515,1019
162: 538,988,566,106,182
163: 1217,410,9,543,1243,803
164: 733,1037,648,35,17
165: 26,1061,598,831,261
166: 493,963,1241,265,1218
167: 217,716,856,377,430,326
168: 755,243,728,61,380
1160: 1213,1292,1144,1108,1153,1178
170: 646,1158,919,629,582,32
1285: 936,149,247,1140,867,1185
172: 329
173: 391,839,811,401,959
174: 317,1101,776,60,1234,777
175: 303,235,222,1191,50
176: 632,798,352,1078,717,1139
177: 704,248,615,850,862,359
178: 430,326,667,831,458
179: 327,546,718,778,990
180: 202,1083,627,1134,1042,1008
1300: 426,461,557,298,2
182: 1259,403,106,538,1253,162
183: 563,746,581,565
1157: 1117,1120,1011,1129,1171,1112
185: 196,535,503,415,886,1239
186: 864,314,1209,652,229,830
187: 145,203,1270,1275,1249,970
188: 1153,1178,1190,413,971
189: 895,949,306,562,362,857
190: 145,203,93,39,921,259
191: 434,1097,986,923,17,1196,1026
192: 727,374,1147
193: 1170,1256,920,785,327
194: 768,1024,99,840,1125,333,819
195: 799,957,46
196: 535,185,237,682,1216,503
197: 364,1222,1221,343
198: 334,156,1189,720,131,954
1145: 35,1302,876,434
200: 1197,976,877,1301,924
201: 1162,1022,1115,1003,1156,1038
202: 180,1083,627,71,1063,1072
203: 145,187,190,1275,93
204: 686,297,991,579,634,1018
205: 792,354,590,212,1227,948
206: 584,754,463,454,945
207: 223,1134,449,397
208: 45,1065,508,645,146,1002
209: 256,990,769,718,320,276
210: 1274,1013,292,804,1073,519,432
211: 680,1146,484,100,1025
212: 617,526,205,354,283,1227
213: 548,98,617,396,283,363
214: 632,798,675,767,1081,508
215: 663,813,607,217,856
216: 626,719,144,475,122,885
217: 856,167,873,215,607,326
1212: 359,920,286,1282,1256
219: 385,469,25,793,963
220: 1249,160,970,442,318,351
221: 1081,810,1062,1075,1186,1068
222: 1148,1191,1107,175,50,976
223: 207,1015,244,449,432,627
224: 24,1124,1147,1035,278,374
225: 527,550,696,1034,345
226: 1291,483,65,33,376
227: 671,339,735,36,683,1293
1138: 437,107,1118,1136,1104
229: 541,652,864,186,136,655
230: 401,959
1234: 777,174,776,289
1293: 131,683,843,227,735
233: 417,1144,268,525,643,971,1153
234: 914,429,748,966,1224,721
235: 1026,923,175,1191
236: 564,872,476
237: 196,535,682,841
238: 242,63,985,825,40,834
1177: 1296,70,303
240: 912,1242,673,626,950,544
241: 956,857,871,386,647,637
242: 63,612,238,250,934,825
243: 728,129,274,456,755,168
244: 1137,1015,1274,789,432,223
1166: 821,1194,1130,1010,1004,684,723
246: 669,524,790,854,108,612
247: 1285,1140,1231,867,647
248: 177,615,1269,1039,850,328
249: 678,46,84,564,872,15
250: 882,108,242,612,934
251: 302,978,375,836,899,567
1268: 365,72,153,1247,613,319
1283: 501,1273,49,832,356
254: 647,637,1140,961,830
1131: 133,1053,714,1188
256: 769,209,320,953,998,650
1142: 1123,1093,1169,1071,101
258: 298,350,952,2,104,1264
259: 387,400,145,190,39,148
260: 597,1219,1170,440,778,357
261: 112,26,165
262: 781,588,1269,602,421,409
263: 759,713,84,628,678
264: 938,927,701
265: 670,1241,166,1218
266: 70,381,783,408,1164,119
267: 732,296,560,1303,1279
268: 1052,1016,1154,525,643,233
269: 846,1289,1073,1229,343
1150: 1075,1163,1115,1172,91,1096
271: 43,531,125,805,902
1274: 210,1013,789,244,432
273: 425,438,134,746,471,665
274: 243,129,1224,721,557,456
1191: 222,1148,89,235,175
276: 320,718,869,209
277: 379,400,970,145,318,411
278: 1035,224,19,374,568
279: 487,383,448,406
280: 66,1215,1175,932
281: 391,450,648,1258,380,1037
282: 94,412,850,62,369,979
283: 838,363,1227,213,212,617
284: 917,30,782,927,316
285: 1169,551,814,49,446
286: 999,382,157,704,1212,359
1190: 188,1178,413,794,686,297
288: 42,1250,1054,532
289: 1237,776,1245,1234
290: 988,6,377,344,492,951
291: 1143,338,531,958
292: 804,725,1229,553,210,1013
293: 1241,385,1188,133,670
1170: 440,1256,193,340,778,260
295: 635,729,116,1091,332,392,111,113
296: 732,267,560,604,784,1025
297: 686,204,1178,1190,991
298: 258,350,2,426,514,1300
299: 20,1009,537,549
300: 311,68,993,77
301: 478,922,81,602,588,1176
302: 251,978,375,858,809
303: 175,1296,1177,50,897
304: 318,411,351,702,792,354
305: 1248,758,1203,25,385
306: 154,668,562,189,895
307: 9,1127,1111,649,803
308: 81,602,421,135
309: 836,899,86,842
310: 825,992,42,934,1116
311: 300,68,993,610,577
1249: 160,220,970,1270,74,187
1228: 121,1240,1267,78,455
314: 773,1209,186,149,1140,830
315: 968,900,1044,1292,883,712
316: 688,701,284,927,495,1305
317: 174,1101,776,816,98
318: 304,411,351,220,970,277
319: 820,1084,153,72,1268,613
320: 276,256,209,650
1193: 404,505,1192,472
322: 150,338,505,1080,1143
1154: 1198,525,1012,681,1052,268
1179: 941,1279,996
325: 705,329,813,658,856
326: 178,430,873,831,217,167
327: 179,546,785,852,1257,193
328: 412,850,781,1269,248
329: 674,705,325,716,856,172,21
1186: 1075,1163,1043,1006,221,1068
331: 1054,532,890,660
332: 392,635,729,295
333: 507,819,194,99,786,1167
334: 942,953,998,156,198,954
335: 137,1211,402,906,453,982
1267: 8,78,399,121,1228
337: 7,587,576,715,730,1207
338: 150,322,902,531,1143,291
339: 671,227,735,1248,758,714
340: 1074,589,1282,1170,440,1256
1134: 207,180,627,1040,1008
1163: 1075,1186,1150,1172,1151,1043
343: 197,1229,140,269
344: 511,492,430,667,377,290
345: 993,1034,694,225,527,773
346: 1148,1107,1076,1005,1014,1051
1144: 417,233,1199,1108,1153,1160
348: 753,1214,358,586
1178: 188,1153,1190,1160,1213,297,991
350: 258,298,952,514,774,1261,1302
351: 318,304,442,220,361,702
352: 573,517,176,798,1139
353: 724,950,144,429,721,461
354: 792,205,702,304,212,526
355: 985,97,1230,639,685,834
356: 398,1116,992,832,1283,49
357: 990,769,1000,778,1219,260
358: 103,586,44,348
359: 1212,862,920,704,177,286
360: 685,832,939,834,40,1273
361: 702,913,572,442,7,351
362: 956,857,189,949,480,125
363: 863,283,838,213,662,396
364: 197,1222,1289,676,600
365: 422,72,1268,1247
1169: 551,285,814,1142,1071,1129
367: 415,708,668,601,787,895
368: 585,567,978,142,140
369: 785,1257,979,282,850,862
1225: 109,384,793,459,469,48
1207: 730,436,576,1082,337
1245: 662,396,776,289,1237
1199: 444,1108,406,417,1144
374: 727,19,940,192,224,1147,278
375: 251,302,498,677,858,836
376: 635,729,866,33,483,226
377: 716,167,430,344,6,290
378: 707,483,1121,1159
379: 277,387,400,411,874
380: 61,1258,755,168,648,281
381: 70,266,783,811,959
382: 286,999,453,157,506,1211
383: 279,448,406,64,416,1082
384: 1225,1270,109,74,793,695
385: 219,293,305,1188,25
386: 1231,795,871,530,241,647
387: 259,379,400,148,851
388: 460,974,1047,423,1031,466
389: 651,948,1271,838,926,1227
1258: 61,380,982,494,281,450
391: 281,839,173,450,1037,401
392: 332,635,295,111
393: 854,779,63,612,888
394: 21,106,1250,532,403,660
395: 600,919,560,672,784,32
396: 662,1245,98,213,363
397: 1040,10,449,207,407,139
398: 356,1116,1054,446,1094
399: 78,851,1267
400: 277,259,379,387,145
401: 230,959,1037,391,173,955,470
402: 1235,578,906,61,982,335
403: 182,1259,106,394,660,987
404: 1193,1080,997
1135: 740,439,433,768,1024
406: 279,383,1082,444,1199
407: 1007,139,1029,10,397
408: 751,1164,0,266,119,496
409: 1036,860,486,421,262
410: 1251,1217,163,1243,1236
411: 318,304,277,379,792,874
412: 94,282,850,328,554
413: 568,908,971,188,1190,762,794
1239: 154,668,185,1276,503,415
415: 367,708,886,185,668,1239
416: 64,576,1082,1089,383,468
417: 233,1144,525,1199
418: 539,138,536,124,656,829
419: 824,538,951,837,858
1294: 871,530,562,875,750
421: 308,602,135,486,409,262
422: 365,72,570,1266
423: 1103,901,1079,974,388,1031
424: 484,619,100,29,114,1262
425: 134,273,563,746,1111,649
426: 1278,514,1300,456,298,1277
1304: 1168,1028,56,1059,915
1226: 478,922,1232,1048
429: 914,234,144,475,353,721
430: 178,326,667,167,377,344
431: 700,575,451,688,701,624
432: 449,519,1274,210,244,223
433: 545,1066,840,768,1135,740
434: 1097,191,1145,17
435: 690,649,134,583,663,607
436: 730,1207,444,1044,900
437: 1138,107,1009,537,748
438: 134,273,471,1061,598,583
439: 1135,740,1147,126,917
440: 1170,340,589,597,260
1242: 673,1141,1284,240,912,639
442: 7,587,160,220,361,351
1189: 641,540,1023,156,198,720
444: 1199,1108,1044,406,1082,436
445: 859,881,852,994
446: 41,1094,398,49,551,285
447: 663,813,690,1243,887,1236
448: 487,279,383,1020,96,64
449: 519,693,432,223,207,139,397
450: 391,281,839,1258,494
451: 696,938,701,624,87,431
452: 700,575,132,1121,1159,1182
453: 906,1260,506,1211,335,382
454: 206,584,463,507,534,1167
455: 1149,78,1240,1228
456: 426,557,243,274,1277
457: 1123,115,1246,67
458: 112,178,667,103,44
459: 469,706,1287,633,48,1225
460: 91,1133,388,1096,1047,466
461: 721,557,724,353,2,1300
462: 510,616,996,965,945
463: 206,454,510,818,534
1165: 1149,929
1248: 305,758,714,1188,339
466: 767,1031,91,460,388,810
467: 69,613,1136,153,1104,806
468: 657,715,1089,642,416,576
469: 459,706,25,219,1225,793
470: 955,986,17,1037,401
471: 1155,665,438,273,1061,1263
472: 1192,1193,505,1143
473: 741,863,926,905
1262: 928,424,965,29,114
475: 216,144,122,20,914,429
476: 1203,85,236,872,758
477: 117,937,138,536
478: 1226,922,301,1048,1176,731
479: 658,887,1236,625,882
480: 949,76,362,150,902,125
481: 53,865,759
482: 1105,1295,88,1120,1137,1161,1171
483: 1291,226,635,376,707,378
484: 619,424,100,1025,732,211
1161: 1057,71,1171,482,1137,1015
486: 135,570,1266,421,1036,409
487: 279,448,1,1020,1198
488: 760,757,592,1059,605,603
1236: 887,479,1251,410,447,625
1216: 680,1146,682,196,503
1224: 52,966,234,721,129,274
492: 344,511,290,837,608,951
493: 1275,166,695,963,93
494: 137,1258,982,839,450,37
495: 65,688,316,575,1291
496: 58,878,408,119,513
1181: 1280,554,94
498: 753,1214,677,836,86,375
1187: 941,1029,10,1152,621
1155: 471,665,1272,1263
501: 1273,1283,814,49,1286,1290
1219: 597,558,260,357,1000,1023
503: 1276,1216,1146,196,185,1239
504: 3,15,1050,85,28,633
505: 1193,1080,322,472,1143
506: 157,664,1299,453,1260,382
507: 534,333,819,454,1167
508: 645,146,675,208,632,214,1085,717
509: 1040,10,1010,1008,621,684
510: 462,521,616,818,463
511: 344,492,667,103,586,608
512: 37,811,1288,1119,783
513: 119,1296,878,496,865
514: 426,1278,298,350,1302
515: 1076,1005,1019,1126,1184,1151
1265: 820,1084,1299,155,1260
517: 573,352,1030,1062,1046,798
1292: 1160,1213,883,1108,1044,315
519: 449,693,614,432,210,846,1073,139
1129: 1071,1011,1169,551,1117,1157
521: 510,616,1152,1130,975,818
1195: 840,1125,1002,45,1049
1147: 224,24,740,439,727,374,192
524: 669,246,54,1088,528,790
525: 1154,1198,268,417,233
526: 212,617,702,913,4,354
527: 225,1100,936,773,345
528: 984,1088,606,95,524,790
529: 55,33,762,794,31,1058
530: 1294,871,750,928,386,795
531: 43,271,338,902,291,958
532: 1054,331,288,394,1250,660
1220: 604,27,747,884,680
534: 507,819,644,818,463,454
535: 196,185,237,886
536: 418,138,477,937,659,656
537: 299,1009,437,107
538: 824,419,1253,162,182
539: 418,138,124,771
540: 641,1189,1023,0,558,58
541: 652,229,43,946,136
1297: 34,80,1259,987,931,661
543: 893,738,1223,9,1217,163
544: 724,104,950,240,912,933
545: 1066,1085,433,1077,740
546: 179,327,718,852,869,994
1175: 1215,280,1222,1158,932,676
548: 712,1204,98,213,4,617
549: 599,122,20,299
550: 225,1100,1110,916,696,938
551: 1169,285,446,41,1117,1129
1244: 1218,93,921
553: 809,802,571,292,142,1013
554: 1176,731,94,412,1181
555: 884,841,699,747
1149: 455,710,1240,929,1165
557: 721,461,274,1300,456
558: 597,1219,751,0,540,1023
1251: 1217,410,669,54,1236,625
560: 672,1303,395,784,267,296
1266: 486,570,422,72,1084,1036
562: 1294,871,875,154,306,189,857
563: 746,581,183,1114,1111,425
564: 843,236,872,84,904,249
565: 892,1272,746,183,665
566: 988,6,21,106,162
567: 585,368,899,251,978,736
568: 413,971,278,19,31,762
1192: 472,1193
570: 135,486,1266,422
571: 34,80,553,802,1013
572: 361,913,730,7,968,900
573: 352,517,1030,1012,1001,1139
1289: 269,846,364,600,672,1173
575: 700,452,431,688,495,1291,1121
576: 416,1082,715,468,1207,337
577: 780,815,610,311
578: 1235,402,989,728,697,61
579: 57,816,991,204,634,1101
1151: 1172,1184,1076,515,1163,1043
581: 563,746,183,1114
582: 629,699,646,170
583: 598,873,438,134,435,607
584: 206,754,454,823,909,1167
585: 368,567,736,38,1221
586: 358,103,511,1214,348,608
587: 442,7,337,611,715,160
588: 781,262,1269,602,301,1176
589: 340,1074,1119,440,751,1164,597
590: 792,205,8,874,948,653
1230: 912,639,933,355,685,666
592: 1045,757,488
593: 1060,118,1024,126,30
1185: 867,909,1132,936,1285,1100
1246: 1290,1254,67,1261,457
1223: 543,893,9,1127
597: 1219,558,260,589,440,751
598: 583,873,831,438,165,1061
599: 122,885,826,549
600: 395,676,919,364,1289,672
601: 964,1238,787,367,895
602: 81,308,421,301,262,588
603: 711,745,760,488,1050,605
604: 784,27,1220,32,296,1025
605: 1020,96,1059,488,711,603
606: 124,95,771,528,801,790
607: 215,663,435,583,873,217
608: 677,837,586,511,492,1214
1164: 408,751,1119,589,266,783
610: 815,87,993,1034,311,577
611: 657,715,109,74,587,160
612: 242,63,246,854,393,250,108
613: 467,69,734,153,1268,820,319
614: 519,846,1173,1007,139
615: 704,248,177,1039,157,664
616: 462,521,510,941,1152,996
617: 212,526,548,213,4,283
1125: 840,1195,1049,644,819,194
619: 484,424,732,29
620: 55,794,686,866,1091,1018
621: 1152,684,509,10,1187
1303: 560,1173,1007,267,1279
623: 905,651,1233,800
624: 815,87,451,700,431,132
625: 882,108,1251,669,1236,479
626: 216,719,144,673,240,950
627: 180,202,1015,71,223,1134
628: 904,720,641,713,263,84
629: 699,747,582,170,27,32
1261: 67,774,350,952,1246,1254
1141: 1242,744,659,656,788,1284
632: 176,798,214,508,717
633: 742,1287,504,28,459,706
634: 1255,1018,204,579,1101
635: 729,376,295,483,707,332,392
1194: 1166,1130,45,723,1049,975
637: 254,647,956,241,805,961
1232: 1048,1226
639: 1230,912,1284,1242,355,97
1279: 1179,1303,1007,1029,267
641: 1189,540,58,713,628,720
642: 742,1287,745,1089,468
643: 1035,268,1016,233,971
644: 1049,975,818,1125,534,819
645: 508,146,208,1002,1066,1085
646: 1158,932,170,582
647: 254,637,1231,386,241,247
648: 755,380,733,164,1037,281
649: 690,803,435,307,1111,425,134
650: 5,256,320,953
651: 389,1271,1233,926,905,623
652: 541,961,229,830,186
653: 948,1271,590,8,121,1252
1204: 548,712,98,883,57,816
655: 136,229,864,797
656: 829,788,418,536,659,1141
657: 611,715,48,468,109
658: 887,479,813,705,325
659: 937,536,656,744,1141
660: 987,394,532,331,403
661: 931,1105,34,1297,789
662: 1245,396,863,363,1237,741
663: 215,813,607,447,690,435
664: 157,506,860,1299,1039,615
665: 1155,471,565,1272,746,273
666: 1264,1230,685,939
667: 178,430,458,103,344,511
668: 154,306,1239,415,367,895
669: 524,246,54,1251,625,108
670: 265,133,1241,293
671: 339,227,36,1053,835,714
672: 560,1173,1289,395,600
673: 1242,744,626,719,240
674: 705,329,21,1250
675: 767,1031,901,508,146,214
676: 600,919,1175,364,1222,1158
677: 837,858,608,498,1214,375
678: 249,847,46,759,263,84
1302: 1145,35,350,1278,514,774
680: 211,1216,1146,1220,682,884
681: 1001,1168,1,1012,1154,1198
682: 884,841,680,1216,196,237
683: 131,954,1293,1183,227,36
684: 1152,621,509,1010,1166,1130
685: 360,939,834,355,1230,666
686: 204,297,1190,794,620,1018
1128: 1078,717,1077,1033,24,1124
688: 316,495,700,575,431
1275: 493,695,93,1270,203,187
690: 649,1243,803,435,663,447
691: 1106,1196,1027,1097,1113,1092
692: 1180,1027,67,876,115,1092
693: 449,519,139
694: 993,345,773,1209,1055,68
695: 493,1275,963,1270,384,793
696: 938,451,225,550,1034,87
697: 728,129,52,806,69,578,989
1188: 1248,714,1131,133,385,293
699: 629,747,582,555
700: 452,575,431,132,688,624
701: 316,938,264,451,927,431
702: 361,913,304,351,526,354
1241: 293,670,265,166,963
704: 177,615,157,286,359
705: 674,325,329,658,1070
706: 459,469,25,1203,28,633
707: 378,483,635
708: 415,367,886,787
1272: 565,892,1155,665
710: 1240,1252,1233,1149,800,929
711: 745,603,1089,96,605,64
712: 548,1204,4,883,315,968
713: 759,263,58,878,641,628
714: 1248,1188,671,339,1053,1131
715: 657,611,468,576,337,587
716: 856,167,377,329,6
717: 1078,1128,508,176,632,1085,1077
718: 179,546,869,990,209,276
719: 216,626,726,885,673,744
720: 904,628,641,1189,198,131
721: 461,557,234,429,1224,353,274
1184: 1172,1038,1151,1086,1126,515
723: 45,1065,1004,1103,1166,821,1194
724: 104,950,544,353,461,2
725: 292,1229,140
726: 117,937,885,826,744,719
727: 940,374,192,1147,917,782
728: 243,129,697,578,168
729: 635,376,295,866,1091,332
730: 1207,436,7,337,900,572
731: 1176,554,478,1048,1087
732: 267,296,484,619,1025
733: 164,1278,1277,648,35
734: 69,613,820,1235,989,155
735: 339,227,1293,843,758
736: 16,38,842,899,585,567
1183: 954,683,942,1017,844,36
738: 543,893,969,1088,1217,54
1227: 283,838,212,205,948,389
740: 1135,439,545,433,1077,24,1147
741: 473,662,863,1237
742: 1287,633,642,1050,745
1286: 501,1273,939,1290,1254
744: 673,1141,726,937,659,719
745: 711,603,1089,1050,742,642
746: 563,581,183,565,665,425,273
747: 629,699,27,1220,555,884
748: 914,234,1009,437,966
1198: 1154,525,1,681,487
750: 875,114,972,928,1294,530
751: 408,1164,0,589,597,558
752: 111,116,60,777
753: 498,1214,348,86
754: 206,584,23,945,822,823
755: 1277,168,648,243,380
1174: 1051,1041,1032,73,1064
757: 760,488,957,592
758: 305,1248,339,735,476
759: 713,263,878,53,481,865,678
760: 757,488,3,1050,603
1159: 1182,452,1121,378
762: 55,794,529,31,568,908,413
763: 957,3
1168: 1001,1304,1,681,1028,915
1153: 188,1178,233,1144,971,1160
1229: 292,804,725,140,343,269,1073
767: 675,1031,466,1081,810,214
768: 194,1024,840,433,1135
769: 256,990,357,209,1000,998
1301: 53,897,877,200,799,924
771: 124,606,95,539
1240: 121,710,1252,1228,455,1149
773: 314,1209,936,149,527,345,694
774: 67,876,1261,350,1302
1252: 121,710,1240,1271,1233,653
776: 317,174,1245,1234,289
777: 1234,60,174,752
778: 179,1170,260,990,357
779: 801,854,393,829,788,888
780: 577,815,132,1182
781: 262,588,1269,1176,328
782: 284,727,940,1305
783: 381,266,512,811,1119,1164
784: 604,27,32,395,560,296
785: 369,1257,862,920,193,327
786: 1132,1110,1167,333,99,1060
787: 601,1238,367,708
788: 656,829,1284,779,1141,97,888
789: 1274,1013,34,661,244
790: 801,854,528,606,524,246
1263: 26,1061,1155,471
792: 205,354,590,304,411,874
793: 1225,384,469,219,695,963
794: 55,762,620,529,908,413,1190,686
795: 1231,386,822,928,23,530
1278: 426,514,1277,35,1302,733
797: 77,864,1055,655
798: 176,632,214,1081,1062,352,517
799: 195,957,924,53,1301,847,46
800: 929,1233,710,623
801: 790,854,779,124,606,829
802: 553,809,824,1253,571
803: 690,649,1243,9,307,163
804: 292,1229,210,1073
805: 271,125,956,637,961
806: 52,1104,467,69,697,989
1133: 460,1096,1099,1022,1047,1098
1132: 786,1110,1167,909,1185,1100
809: 553,802,824,302,978,142
810: 1081,221,91,1075,767,466
811: 512,839,173,959,381,783
1213: 1160,1292,883,1178,57,991
813: 215,663,447,658,887,325
814: 501,49,1290,1169,285
815: 624,87,610,132,577,780
816: 57,579,1204,98,317,1101
1233: 651,1271,710,1252,623,800
818: 975,644,521,510,463,534
819: 507,534,333,644,1125,194
820: 1084,319,1265,613,734,155
821: 1166,1010,1004,723
822: 1231,795,23,754,823
823: 867,909,584,754,822
824: 538,419,1253,809,802
825: 310,992,40,242,238,934
826: 599,885,117,726
1130: 1166,1194,1152,684,521,975
1284: 788,1242,1141,97,639
829: 656,788,124,418,801,779
830: 961,652,254,1140,314,186
831: 598,873,165,178,326
832: 360,992,40,356,1273,1283
1281: 1136,153,1247,1118
834: 360,685,238,355,985,40
835: 1053,1017,671,36
836: 309,899,86,498,251,375
837: 677,858,608,492,419,951
838: 863,283,363,926,1227,389
839: 391,173,450,494,37,811
840: 1195,1125,1002,1066,433,194,768
841: 555,682,884,237
842: 736,16,309,899
843: 564,904,1293,735
844: 1017,942,5,1183
1137: 1015,244,1295,482,1161
846: 269,1289,1073,519,614,1173
847: 678,46,799
848: 959,955
1173: 672,1303,846,1289,614,1007
850: 282,412,328,248,177,862,369
851: 148,387,399
852: 1257,979,445,327,546,994
1172: 1184,1038,1151,1115,1150,1163
854: 801,790,779,393,246,612
855: 56,1059
856: 217,716,167,215,325,329
857: 362,956,241,871,562,189
858: 677,837,419,302,375
859: 445,1280,62,979
860: 1036,409,1299,1039,664
861: 137,1211,999,37,1288,1298
862: 359,920,177,850,369,785
863: 838,363,926,662,741,473
864: 1209,186,1055,229,655,797
865: 53,897,481,513,1296,878,759
866: 729,376,55,33,620,1091
867: 823,909,1185,1285,247
1299: 1036,860,1265,1260,506,664
869: 994,546,718,276
1237: 289,662,1245,741
871: 1294,530,562,386,241,857
872: 564,236,249,15,476,85
873: 598,583,831,607,326,217
874: 8,411,379,792,590
875: 972,750,1276,154,1294,562
876: 67,774,1145,692,1027
877: 50,897,1301,200,976,924
878: 58,496,513,865,759,713
1222: 197,364,1221,1215,1175,676
1243: 690,803,163,410,447
881: 445,979
882: 625,250,108,479
883: 1213,1292,315,57,712,1204
884: 555,682,841,747,1220,680
885: 599,122,826,726,216,719
886: 415,708,535,185
887: 658,1236,479,813,447
888: 985,97,779,393,788,63
1271: 651,948,389,1233,653,1252
890: 1102,331,1109,1094
1260: 906,453,155,1265,1299,506
892: 565,1272
893: 543,738,1223,969
1171: 1161,1057,482,1120,1157,1112
895: 189,949,367,668,306,601
1221: 197,1222,38,585,1215
897: 53,865,1301,303,1296,877,50
1259: 182,403,987,1297,80
899: 836,309,251,736,842,567
900: 315,968,1044,730,436,572
901: 423,1103,675,1031,1065,146
902: 150,338,480,271,531,125
1203: 476,85,28,305,706,25
904: 628,720,84,131,843,564
905: 623,926,651,473
906: 453,155,1260,1235,402,335
1162: 201,1022,1056,1003,1099,1122
908: 413,762,794
909: 867,823,1185,584,1132,1167
1264: 666,933,104,258,952
1206: 
912: 240,1230,639,933,1242,544
913: 361,702,572,968,4,526
914: 234,429,748,20,1009,475
915: 1020,1059,1168,1304,1
916: 938,1110,118,550
917: 126,30,284,439,727
1180: 692,1093,115,1069,1067,1092
919: 395,676,600,1158,170,32
920: 1212,862,359,785,1256,193
921: 39,93,1244,190
922: 1226,478,301,81
923: 955,986,191,235,1026
924: 799,957,877,1301,200
1143: 291,505,322,338,472
926: 863,838,651,389,473,905
927: 938,264,118,30,284,701,316
928: 1262,23,114,750,530,795
929: 800,710,1149,1165
1156: 1086,1067,1069,1003,201,1038
931: 1105,661,1102,987,1297
932: 646,1158,280,1175
933: 1230,912,104,544,1264
934: 42,250,242,310,825
1211: 137,861,335,453,999,382
936: 149,1285,1185,1100,527,773
937: 117,477,726,659,536,744
938: 916,696,264,451,927,550,701
939: 360,685,666,1273,1286
940: 727,19,374,31,782,1058
941: 1179,1187,1152,996,616
942: 334,953,5,954,1183,844
1282: 999,1212,340,1074,1298,1256
1273: 501,1283,1286,360,832,939
945: 23,965,462,206,754
946: 958,43,541,136
1277: 755,426,1278,456,733
948: 389,1271,653,205,590,1227
949: 189,895,76,480,362
950: 724,544,353,626,144,240
951: 419,492,988,290,837
952: 258,350,1264,1254,1261
953: 334,942,998,256,650,5
954: 131,683,1183,334,942,198
955: 986,923,470,848,401
956: 362,241,857,637,125,805
957: 195,799,763,924,46,757
958: 946,43,531,291
959: 848,401,230,173,811,381
1215: 66,280,1175,38,1222,1221
961: 652,830,254,637,805
1158: 646,932,170,1175,676,919
963: 493,166,695,219,1241,793
964: 601,997,1238,76,1080
965: 996,29,462,1262,945
966: 52,1224,1104,234,748
1276: 503,875,972,154,1239
968: 315,900,913,572,712,4
969: 984,1088,893,738
970: 1249,220,145,187,318,277
971: 568,413,643,233,188,1153
972: 875,114,750,1146,100,1276
1298: 1074,861,999,1282,1288
974: 1072,1047,1083,388,423,1079
975: 1049,644,818,1194,1130,521
976: 1197,200,222,1107,877,50,1021
1253: 824,538,182,802,80
978: 251,302,809,368,567,142
979: 369,852,1257,282,62,859,881
1254: 1246,952,1286,1261
1146: 211,680,1216,100,503,972
982: 61,1258,402,137,494,335
1140: 149,1285,247,254,830,314
984: 1206,969,1088,528,95
985: 355,97,888,63,238,834
986: 955,923,17,470,191
987: 1102,660,1259,403,1297,931
988: 566,6,290,162,951
989: 1235,578,806,69,734,697
990: 769,357,209,179,718,778
991: 57,579,1178,1213,204,297
992: 310,825,40,832,356,1116
993: 1034,345,694,610,300,311,68
994: 869,852,445,546
1197: 200,976,1021,1041,1045
996: 965,29,941,1179,462,616
997: 964,1238,404,1080
998: 334,953,156,256,769,1000
999: 286,1282,382,861,1211,1298
1000: 769,357,1219,1023,998,156
1001: 1168,681,573,1030,1012
1002: 840,1195,45,208,645,1066
1003: 1069,101,1056,1156,1162,201
1004: 1042,1010,1103,1079,1166,821,723
1005: 1076,515,1019,1148,346,89
1006: 1043,1014,1186,1068,1032
1007: 407,139,1029,614,1173,1303,1279
1008: 1042,1010,1134,180,1040,509
1009: 20,299,537,437,914,748
1010: 1042,1004,1008,509,684,1166,821
1011: 1071,1129,1056,1157,1112,1122
1012: 573,1001,681,1139,1052,1154
1013: 1274,210,789,553,34,571,292
1014: 1043,1006,1076,346,1051
1015: 1137,244,1161,71,223,627
1016: 1033,1052,268,1124,643,1035
1017: 844,1183,36,835
1018: 1255,1091,634,620,686,204
1019: 1005,515,1106,1095,1126,89
1020: 915,96,605,1059,1,487,448
1021: 1051,1041,1107,1197,976
1022: 1162,201,1115,1099,1133,1096
1023: 1189,540,1219,558,1000,156
1024: 194,768,99,1135,593,1060
1025: 484,604,732,296,211
1026: 235,191,923,1196,1095
1027: 692,876,1097,1092,691
1028: 73,1064,56,1168,1304
1029: 1007,407,10,1279,1187
1030: 573,517,1046,73,1001
1031: 675,767,466,388,423,901
1032: 1046,1068,1006,1174,73
1033: 1139,1052,1016,1078,1128,1124
1034: 993,345,225,696,87,610
1035: 643,278,1016,224,1124
1036: 860,409,1299,486,1266,1084
1037: 164,648,391,281,470,401
1038: 1172,1184,1086,1156,201,1115
1039: 1269,860,664,248,615
1040: 509,10,397,1134,1008
1041: 1021,1174,1197,1064,56,1045
1042: 1010,1004,1008,180,1083,1079
1043: 1006,1014,1151,1076,1186,1163
1044: 444,1108,436,1292,315,900
1045: 56,592,1041,1197
1046: 1068,1032,1062,73,517,1030
1047: 974,1072,1098,460,1133,388
1048: 1232,1226,478,731,1087
1049: 975,644,1194,1195,1125
1050: 3,504,760,745,603,742
1051: 1021,1174,346,1107,1014
1052: 1139,1033,268,1016,1012,1154
1053: 835,671,714,1131
1054: 532,331,288,398,1116
1055: 864,1209,694,797,77,68
1056: 1071,1011,101,1003,1122,1162
1057: 1161,71,1171,1112,1090,1063
1058: 65,940,31,529
1059: 56,855,488,1304,1020,915,605
1060: 593,118,1024,99,786,1110
1061: 26,165,1263,471,438,598
1062: 1081,221,1046,1068,798,517
1063: 1090,1057,71,202,1072,1098
1064: 1028,73,1174,1041,56
1065: 45,208,723,1103,901,146
1066: 545,1085,433,645,840,1002
1067: 1113,1086,1156,1092,1180,1069
1068: 1046,1032,1186,1006,1062,221
1069: 101,1003,1093,1180,1067,1156
1070: 42,705
1071: 1011,1129,1056,1169,1142,101
1072: 974,1047,1098,1063,202,1083
1073: 269,846,804,1229,210,519
1074: 340,1119,589,1298,1282,1288
1075: 1186,1150,1163,91,810,221
1076: 1005,515,1151,346,1043,1014
1077: 545,1085,1128,717,740,24
1078: 1128,717,176,1139,1033
1079: 423,1103,1083,974,1042,1004
1080: 404,505,964,997,76,150,322
1081: 810,1062,221,767,798,214
1082: 416,576,383,406,444,1207
1083: 180,202,974,1072,1042,1079
1084: 820,319,1265,72,1266,1036
1085: 545,1066,1077,508,645,717
1086: 1113,1067,1156,1126,1184,1038
1087: 1048,731
1088: 984,969,528,738,524,54
1089: 711,745,96,642,64,416,468
1090: 1112,1099,1122,1063,1057,1098
1091: 1255,1018,620,729,295,866
1092: 1113,1067,1180,692,1027,691
1093: 1123,115,1142,1180,1069,101
1094: 446,1109,41,398,890
1095: 1106,1196,1026,1019,89
1096: 91,460,1133,1022,1115,1150
1097: 434,191,1027,1196,691
1098: 1072,1047,1090,1099,1063,1133
1099: 1090,1122,1162,1022,1098,1133
1100: 527,550,1185,1132,1110,936
1101: 317,174,816,579,634
1102: 890,987,1109,931,1105,88
1103: 423,901,1079,1004,1065,723
1104: 52,966,806,1138,467
1105: 931,1295,661,482,88,1102
1106: 1196,1095,1126,691,1113,1019
1107: 222,1148,346,1021,1051,976
1108: 444,1199,1044,1144,1160,1292
1109: 41,1094,890,1102,88,1117
1110: 786,1132,1060,1100,550,916
1111: 1127,307,1114,563,425,649
1112: 1090,1122,1157,1011,1057,1171
1113: 1086,1067,1092,1106,1126,691
1114: 1127,1111,563,581
1115: 201,1022,1172,1038,1096,1150
1116: 398,356,310,992,1054
1117: 1120,1157,1109,41,551,88,1129
1118: 1138,107,1136,1281
1119: 1074,589,512,1288,783,1164
1120: 1117,1157,482,88,1171
1121: 1291,452,575,1159,378
1122: 1112,1090,1099,1011,1056,1162
1123: 457,1093,115,1142
1124: 224,24,1128,1033,1016,1035
1305: 782,316