0: 1151,751,558,597,496,540
1: 915,383,1174,1032,487,64
2: 104,724,557,461,1133,1075
3: 504,85,763,757,75
4: 968,712,526,617
5: 334,953,256,1017,650,942
6: 290,988,377,172,21,566
7: 702,913,572,361,351,220
8: 18,1165,590,121,653
9: 1003,893,54,163
10: 901,1103,13,207,516,370,684
11: 559,981,529,609,19,807,762
12: 569,691,722,749,443,692
13: 10,1103,321,252,499,207
14: 870,1056,1015,244,324,71
15: 799,847,236,257,622,872
16: 736,842,66
17: 853,35,164,733,1096,1046
18: 8,1165,184,1197,874,590
19: 609,908,79,11,188,794,762
20: 549,914,122,599,475,234
21: 674,566,542,329,172,6
22: 1109,272,427,1169,1137,894
23: 386,530,822,1004,928,754
24: 1124,740,568,233,971,73
25: 1203,476,1131,305,758,679
26: 165,261,471,1111
27: 296,32,747,604
28: 143,1203,1131,706,85,459
29: 484,619,1187,1029,100,232
30: 1085,284,181,927,980,782
31: 1085,181,312,727,464,981
32: 27,170,560,784
33: 1160,794,762,807,226,1121
34: 1161,1171,925,789,1013
35: 17,853,1191,456,648,733
36: 835,227,1183,683
37: 381,512,861,1164,1068,1037
38: 1073,66,1175,197
39: 921,190,259,148
40: 355,685,825,737,1098,360
41: 1071,446,398,890,1105,764
42: 242,238,288,934,310,1057
43: 531,1140,652,1055,541,946
44: 358,103,112
45: 509,765,812,840,371,414,743
46: 872,143,763,799,957,760
47: 556,911,1154,1205,374,944
48: 384,1041,109,469,611,695
49: 360,270,238,1098,1069,939
50: 235,303,233,767,877,224
51: 1005,1113,1126,89,1062,303
52: 129,467,966,1136,1104,274,243
53: 231,481,59,255,195,1045
54: 410,625,163,893,543,9
55: 1160,188,794,297,686,866
56: 235,1113,200,1107,73,976
57: 816,98,883,1204
58: 408,496,878,641,713,759
59: 678,263,255,53,847,1045
60: 295,392,116,777
61: 494,281,1036,402,380,69
62: 1181,979,94,859
63: 669,246,606,612,969
64: 406,279,1,383,487,448
65: 226,833,316,495,1121,1058
66: 1073,38,16
67: 814,939,161,457,115,770
68: 1209,314,1100,694,797,830
69: 380,168,728,402,61,281
70: 1076,959,1163,761,1177
71: 1112,223,1056,14,1093,244,519
72: 319,615,155,151,820,1150
73: 971,1107,568,56,235,233,24
74: 384,1041,742,160,970,715
75: 745,757,504,3,642,603
76: 150,480,949,997,362,1195,964
77: 864,1167,694,797
78: 1149,399,1165,184
79: 609,908,19,413,1153,188
80: 571,809,1011,824,182,1161
81: 301,308,922,421,588,602
82: 631,420,1007,561,941,1166
83: 372,681,1154,268,689,944
84: 904,720,628,678,257,622
85: 504,3,706,143,763,28
86: 309,375,836,753
87: 225,345,1185,550,696,701
88: 931,661,1105,482,764,1137
89: 515,1062,1014,877,303,51
90: 91,222,756,176,547,373,654
91: 90,222,176,749,373,221,214
92: 693,1008,139,1120,518
93: 166,1188,921
94: 412,554,979,1181,62
95: 1206,246,124,606
96: 416,711,383,745,279
97: 829,788,779,1156,737,685
98: 816,57,548,1204,317,1190
99: 786,507,1002,194,1024
100: 972,484,29,889,1179
101: 191,1096,1077,569,691
102: 152,464,278,791,981,529,940
103: 358,44,586,112,458,511
104: 2,724,544,933,1133,1115
105: 335,453,486,615,155,860
106: 403,394,674,566,1011,162
107: 153,1084,1138,537,437
108: 888,882,479,393,524,1070
109: 459,469,633,706,1041,48
110: 849,995,525,855,1043,1139
111: 289,363,174
112: 520,458,103,44
113: 777,1101,776
114: 972,232,928,424,750,530
115: 870,1056,770,67,161,390
116: 634,620,332,729,295,60,392
117: 885,826,477,726
118: 1024,330,917,284,158
119: 1076,266,1151,341,761,408
120: 880,239,253,768,342,192
121: 653,1089,8,1165,1149,455
122: 885,599,826,20,216,475
123: 898,169,516,159,490,207
124: 606,771,801,95
125: 271,1140,362,857,805,949
126: 534,439,896,768,593,1210,192
127: 349,139,397,1169,962,693
128: 130,522,935,1001,366,687
129: 52,966,734,1083,243,697
130: 128,1078,522,935,336,698,687
131: 954,1021,198,904,735,564
132: 635,780,378,707
133: 714,671,1053,385,293,670
134: 307,1155,583,649,1114,803
135: 421,308
136: 655,229,652,541
137: 861,999,335,906,982
138: 477,937,539,536
139: 127,397,92,693,518,407,973
140: 197,364,142,368,585
141: 1040,1042,894,482,502,1137
142: 368,1122,343,140,364,269
143: 46,872,763,28,1131,85
144: 626,216,353,475,234,429,721
145: 400,203,1019,187,970,442
146: 208,717,645,723,684,1065
147: 640,701,610,1185,993,1034,577
148: 851,259,39
149: 247,527,1049,823,314,1100
150: 76,480,949,322,1080,964
151: 319,72,153,1118,1150
152: 102,464,910,879,868,312,791
153: 107,1084,1138,1150,151
154: 668,889,503,1146,875
155: 615,72,820,860,989,105
156: 1023,1189,334,998,720,198
157: 177,594,248,286
158: 451,938,916,118,284,927
159: 218,490,349,397,169,123
160: 742,657,74,587,730,715
161: 67,814,1081,201,1056,115,390
162: 1011,419,538,988,566,106
163: 410,447,54,1088,9
164: 733,1027,1145,17,470,1046
165: 26,261,1111,598,831,520
166: 93,1050,265,1188
167: 344,215,326,217,607,430
168: 380,69,648,728,497,456
169: 898,960,123,397,159,407,171
170: 784,676,932,1158,32
171: 407,973,960,169,621,245,1194
172: 329,377,716,6,21
173: 391,839,1145,401,827
174: 776,662,363,111
175: 515,1062,346,943,924,405
176: 90,91,222,756,775,1014,573
177: 157,382,486,664,453
178: 458,667,430,831,326,520
179: 546,785,327,1170,323,778
180: 1112,223,627,974,798,1079
181: 1085,30,31,559,981,782
182: 394,660,1011,80,1161,1067
183: 892,665,563,425
184: 18,1165,1197,387,399,78
185: 196,535,1025,1146,415,886
186: 830,961,229,652,1055,254
187: 493,695,384,970,145,203
188: 794,55,79,19,1153,297
189: 362,306,1195,857,668,895
190: 400,203,259,39,921
191: 547,434,1096,373,101,569
192: 1210,342,768,120,126,896
193: 445,862,369,1074,785,327
194: 534,439,507,99,1024,330
195: 947,199,796,53,231,1045
196: 535,185,237,682,1025
197: 600,140,585,38,1175
198: 131,954,156,334,904,720
199: 195,947,796,817,465,592
200: 1005,1113,56,491,976,766
201: 428,1081,876,161,287,390
202: 1079,388,423,449,466,1031
203: 145,190,400,187,493
204: 1101,317,1018,816,634,1044
205: 863,926,389,792,590
206: 333,463,754,1004,644,454
207: 490,499,10,13,123,516
208: 146,717,645,1128,275,1001,1065
209: 718,990,769,953,256
210: 789,1013,1102,272,962
211: 604,680,484
212: 283,354,617,526,702
213: 548,283,617,1178
214: 221,627,974,91,222,508,460,573
215: 167,716,607,813,856
216: 626,673,144,475,719,122,885
217: 690,607,873,326,435,167
218: 159,490,499,427,1040,349
219: 611,793,385,305,679,469
220: 351,318,361,715,442,7
221: 692,627,214,974,749,91,222
222: 90,91,176,221,214,508,573
223: 1112,71,180,244,519,1079
224: 568,517,810,767,50,233
225: 345,773,87,527,936,550
226: 807,833,65,762,33,1121
227: 36,835,843,683,339,714
228: 631,420,1173,1129,267,709
229: 830,186,652,797,136,655,864
230: 811,1038,839,827,959,1076
231: 53,865,481,903,195,796
232: 972,114,29,1187,424
233: 50,235,568,224,24,73
234: 429,1104,20,914,144,475
235: 50,56,303,233,1113,73
236: 257,249,622,15,872,476,1131
237: 196,535,682,841
238: 42,242,1098,49,1057
239: 120,880,765,1033,768,545
240: 626,673,353,489,912,950
241: 562,1130,386,871,956,647
242: 42,238,1098,250,825,934
243: 578,274,1172,52,129,697
244: 324,519,432,14,71,223
245: 1166,621,561,171,973
246: 63,1206,669,95,984,606
247: 823,149,254,1066,1100
248: 594,850,781,262,157
249: 236,622,564,476,1006
250: 825,985,888,882,934,242
251: 302,1094,836,899,567,978
252: 423,1134,321,499,1103,13
253: 120,880,977,868,342,879
254: 1125,1066,247,830,186,961,1100
255: 59,263,759,53,481,513
256: 953,5,718,209,320,650
257: 236,622,678,84,15,847
258: 1133,1115,952,298,514,350
259: 190,400,39,379,387,148
260: 357,558,597,1170,440,778
261: 26,165,520
262: 781,588,602,409,248
263: 59,678,255,713,759,628
264: 316,927,980,451,688,1135
265: 293,670,1050,166
266: 119,1076,1038,783,1151,751
267: 732,709,1152,1173,228
268: 1147,595,689,83,574,944
269: 395,846,142,343,725,364
270: 360,834,49,666,939,1180
271: 531,125,1140,480,949,902
272: 22,1109,1169,789,210,962
273: 1061,471,565,438
274: 578,243,1136,52,755,1063
275: 414,1001,366,1065,1033,208
276: 320,869,1039,718
277: 379,1197,1019,318,411
278: 374,574,791,102,940
279: 64,406,383,96,1199
280: 932,646,1073,1175,676
281: 494,61,380,69,1027,391
282: 506,445,369,979,881,859
283: 212,354,617,213,1178
284: 1085,30,118,917,158,927
285: 446,551,832,356,457,770
286: 1068,157,382,1184
287: 1093,390,443,428,201,722
288: 705,934,1054,42,310,1090
289: 111,363,838,752
290: 6,988,344,377,492,951
291: 338,322,902,958
292: 983,343,725,553,925,1013
293: 265,670,133,793,385,1050
294: 433,819,618,510,1012,1052
295: 60,332,116,1182
296: 27,732,604
297: 579,686,991,1153,188,55
298: 774,514,1077,350,258,952
299: 549,914,1009,748
300: 311,1060,993,1167
301: 81,922,1176,588,731
302: 251,1094,802,1157,978
303: 50,235,877,89,51,1113
304: 792,702,351,411,354
305: 758,1053,25,679,219,385
306: 189,857,668,562,871
307: 134,1155,438,649,425,1061
308: 81,922,135,421
309: 86,836,842,899
310: 992,1090,288,42,501,1057
311: 300,993,1034
312: 1210,342,727,152,464,879,31
313: 636,474,509,433,975,1010
314: 68,1209,1100,527,149,773
315: 968,712,1059,1082,900
316: 264,980,833,65,1135,495
317: 1101,204,816,98,1190
318: 351,220,411,1019,277
319: 615,72,151,1118,570
320: 276,718,256,650
321: 1040,1042,423,252,1134,499,13
322: 150,480,902,1080,1143,291,338
323: 718,990,778,179,546,869
324: 1015,244,500,519,432,14,703
325: 856,329,658,479,705,1054
326: 831,873,217,178,430,167
327: 179,785,193,1170,1074
328: 412,554,781,1087,850
329: 856,325,172,716,705,21
330: 1024,118,917,194,439,593
331: 992,532,501,356,1142,398,890
332: 729,376,116,620,1182,295
333: 206,463,909,644,454,1002
334: 953,5,998,156,954,198,942
335: 105,453,906,860,382,137,999
336: 698,1028,130,591,687,595
337: 1082,576,436,1207,468,730
338: 291,322,1143
339: 1053,1006,843,835,227,714
340: 381,512,589,1119,440,1095
341: 1106,761,119,408,878
342: 312,1210,192,727,120,253,879
343: 983,292,725,142,1122,269
344: 167,377,667,430,492,290
345: 225,773,1060,87,1185,993,1209
346: 739,775,1016,943,175,515
347: 918,618,1012,534,896
348: 498,358,586,677,858
349: 127,397,427,1169,159,218
350: 298,774,258,952,428,876,1072
351: 220,318,411,702,7,304
352: 466,632,675,643,717,645,1124
353: 240,626,144,721,950,724,557
354: 212,283,389,304,792
355: 40,685,1141,639,360,834
356: 501,832,331,398,446,285
357: 260,558,1000,990,778,769
358: 103,44,586,348
359: 920,1184,594,850,704,862
360: 834,49,270,666,40,355,1098
361: 572,587,715,7,220
362: 189,1195,857,76,949,125
363: 662,174,111,289
364: 600,140,142,269,395
365: 1118,1138
366: 275,1001,1033,128,935,1208
367: 415,708,895,601,787
368: 142,567,585,978,1122,140
369: 282,506,445,862,193
370: 723,371,684,10,516,891
371: 723,370,821,891,45,812,840
372: 487,448,681,83,1154,689
373: 547,191,569,749,90,91
374: 1205,574,278,944,47,908,940
375: 86,836,753,498,1094
376: 828,332,729,483,635,1182,707
377: 344,716,172,290,6
378: 1058,483,1159,132,635,780
379: 277,1197,387,400,259,1019
380: 69,648,168,61,281,1027
381: 340,512,589,783,37,1037
382: 177,335,453,999,286,1068
383: 1,711,915,64,279,96
384: 74,1041,48,187,695,970
385: 219,793,305,1053,133,293
386: 23,530,822,1130,241,647
387: 379,1197,259,399,851,184
388: 798,202,1079,460,1047,466,632
389: 792,354,863,205
390: 1093,287,161,201,1056,115
391: 173,450,839,494,281
392: 60,116,634,1018,777
393: 524,612,854,108,888,985
394: 106,403,660,182,1011,1067
395: 269,846,600,364,919,523
396: 662,1190,548,1178
397: 127,349,139,159,407,169
398: 1142,890,331,356,446,41
399: 851,387,184,78
400: 145,190,203,259,1019,379
401: 827,848,1145,173,470,955
402: 613,728,1172,69,61,1036
403: 106,394,660,674,542,532,1142
404: 1080,1192,964,505
405: 845,924,175,1062,1126
406: 64,279,448,1064,1199
407: 171,973,139,397,169
408: 58,496,878,119,1151,341
409: 664,570,262,602
410: 447,625,54,163,887,1070
411: 351,318,277,1197,304,874
412: 554,979,328,704,94,850,506
413: 1035,1153,1205,911,908,79
414: 275,1065,1033,765,45,840
415: 367,708,886,185,1146
416: 1207,642,96,468,745
417: 556,911,1144,1064,630,1108
418: 539,656,1162,771
419: 162,538,1123,951,988,837
420: 631,228,82,1129,518,561
421: 135,422,81,308,602
422: 421,570
423: 449,252,1134,321,202,1103,1031
424: 928,795,1187,965,232,114
425: 563,649,183,665,438,307
426: 461,755,1063,497,1075,456
427: 22,1169,1040,894,349,218
428: 876,201,774,350,287,722
429: 1136,234,1104,721,144,475
430: 178,667,326,167,344
431: 1135,575,700,640,688,610
432: 244,324,500,519,703,449,1134
433: 819,975,618,294,313,521,1010
434: 547,191,1096,986,1046,654
435: 873,583,803,217,690
436: 1082,337,572,587,730
437: 537,1009,806,748,107,1084,1083
438: 665,565,425,273,1061,307
439: 534,194,126,593,330,917
440: 1170,1095,340,589,260,597
441: 808,1168,465,1051,605,488
442: 970,715,145,1019,220
443: 1093,287,12,722,1112,692,974
444: 1144,1199,1059,1082,576
445: 282,369,193,881,785,994,852
446: 1071,551,41,285,356,398
447: 410,163,1088,663,690,887
448: 372,487,1154,64,406,1064
449: 423,1134,519,432,202,1079
450: 391,839,494,982,811,1186
451: 696,158,938,264,927,688
452: 815,1159,780
453: 105,335,486,177,382
454: 510,644,945,1052,1002,206,333
455: 929,1149,121,1089
456: 1075,1191,426,497,648,168,35
457: 67,939,1069,832,285,770
458: 178,667,112,520,103,511
459: 679,109,469,28,1203,706
460: 508,810,1047,627,214,798,388
461: 426,1063,2,724,557,1075
462: 818,616,996,965,945
463: 206,333,584,909,867,754
464: 102,152,879,312,31,981,529
465: 808,907,441,817,199,592,1051
466: 632,352,675,1031,202,388,1047
467: 52,966,914,806,748,1104
468: 1207,416,642,603,657,337,730
469: 459,679,109,219,611,48
470: 986,955,1046,164,1145,401
471: 273,1061,1111,26
472: 505,1143
473: 838,863,926,905,741
474: 636,313,1194,821,509,812
475: 626,144,216,122,20,234,429
476: 25,1131,236,249,758,1006
477: 138,726,937,117
478: 533,1176
479: 108,882,658,1070,325,1054
480: 150,76,949,322,902,271
481: 53,231,865,513,255
482: 580,502,764,88,1137,141
483: 1121,1058,378,828,376,635
484: 619,29,211,100
485: 1166,621,636,521,616,975
486: 615,664,570,105,453,177
487: 372,448,681,1032,1,64
488: 745,757,441,1051,711,605
489: 659,744,1099,240,673,912,1097
490: 159,218,499,207,123
491: 596,855,976,766,200,772
492: 608,511,951,667,344,290
493: 187,963,695,1188,203
494: 982,61,281,450,391
495: 1135,575,316,65,1058,1159
496: 58,408,1151,0,641,540
497: 578,728,426,755,456,168
498: 753,348,858,375
499: 218,490,207,321,1040,252,13
500: 324,432,703,502,1042,1134
501: 832,1057,356,992,310,331
502: 482,580,703,500,141,1042
503: 889,1025,1179,1146,875,154
504: 3,633,706,85,75,603
505: 1143,472,1080,404
506: 282,862,369,412,979,704
507: 1012,1052,1002,534,194,99
508: 460,810,627,214,222,767,573
509: 45,812,313,474,743,1010
510: 454,945,818,819,294,1052
511: 608,492,458,667,103,586
512: 340,381,589,37,1164,1119
513: 865,481,1106,878,255,759
514: 298,1077,258,1191,853
515: 175,89,1062,346,775,1014
516: 898,123,891,207,10,370
517: 568,224,643,810,1047,632
518: 1120,1129,561,92,139,973,420
519: 244,324,432,71,223,449,1079
520: 112,165,261,831,178,458
521: 818,616,485,433,819,975
522: 128,130,1078,1128,740,1001
523: 672,1117,395,846,614,919
524: 393,612,969,625,1070,108
525: 971,1107,995,1078,110,698,849
526: 702,913,4,968,212,617
527: 1049,149,936,314,225,773
528: 893,738,1022
529: 559,981,11,102,464,609,940
530: 23,386,114,928,1130,750
531: 43,271,902,958,946
532: 992,331,1090,542,403,1142
533: 478,1176,731
534: 194,439,126,896,347,507,1012
535: 196,185,237,886
536: 539,656,138,937,1086,659
537: 1009,437,107,1084
538: 1011,162,419,824,1123,988
539: 418,656,536,138
540: 641,1023,0,558,1000,496
541: 946,43,652,136
542: 674,21,1090,532,403
543: 893,738,669,625,54,969
544: 104,950,724,912,1196,933
545: 918,768,743,765,239
546: 179,785,1039,852,323,869
547: 191,434,373,986,90,756,654
548: 213,1204,98,396
549: 20,299,914,599
550: 936,1110,696,938,916,225,87
551: 1071,446,285,870,770,1015
552: 591,977,687,868,1147,910
553: 571,802,809,925,1122,983,292
554: 412,328,94,1087
555: 884,841,699
556: 47,911,417,1154,1064
557: 2,950,724,353,721,461,1063
558: 260,357,597,1000,0,540
559: 981,529,11,181,807,782
560: 784,672,32,732
561: 518,973,82,420,245
562: 1130,241,668,306,871
563: 746,649,425,183
564: 843,735,904,131,249,622
565: 892,665,438,273
566: 674,21,6,988,162,106
567: 368,585,978,251,736,899
568: 224,643,517,233,1124,24,73
569: 12,691,749,191,373,101
570: 409,664,422,486,319,615
571: 553,809,80,1161,925
572: 587,361,436,913,7
573: 1014,767,877,214,222,176,508
574: 374,278,944,791,1147,268
575: 1135,431,495,700,1159
576: 1082,337,1207,1199,444
577: 1034,147,610,624
578: 728,274,243,497,1172,755
579: 297,686,991,816,1044
580: 482,703,502,764,1071,1015
581: 1022,1003,1127,746
582: 932,646,629,1158
583: 134,1155,803,598,873,435
584: 463,867,754,822,1066,823
585: 368,567,736,140,197
586: 358,103,608,511,677,348
587: 572,730,361,160,436,715
588: 781,262,602,81,301,731
589: 340,381,512,783,440,751,597
590: 792,874,8,18,205,653
591: 552,687,336,1147,595
592: 760,1051,947,199,957,465
593: 1210,727,439,126,330,917,1085
594: 850,248,157,359
595: 1147,268,689,336,1028,591
596: 491,855,1168,772,1174,1043
597: 260,558,589,440,751,0
598: 831,873,1111,1155,583,165
599: 122,826,20,549
600: 197,364,1175,395,919,676
601: 1193,787,997,367,895,1195
602: 262,588,421,81,409
603: 742,657,75,504,633,642,468
604: 211,680,747,27,296
605: 711,915,1168,441,488
606: 124,801,63,95,246,790
607: 217,663,690,813,167,215
608: 511,492,951,677,586,837
609: 908,79,940,19,529,11,762
610: 147,640,431,700,577,624
611: 219,793,469,48,963,695
612: 393,524,969,63,790,854
613: 860,989,697,402,1172,1036
614: 846,804,1008,523,1117,1120
615: 486,319,72,155,570,105
616: 521,818,462,485,941,996
617: 212,283,4,526,213
618: 433,294,918,347,1010,1012
619: 484,29,1152,1029
620: 116,634,1044,686,866,332,729
621: 485,1166,245,171,636,1194
622: 236,257,249,904,84,15,564
623: 651,710,800
624: 815,610,700,577
625: 410,54,543,524,969,1070
626: 240,673,144,216,353,475,721
627: 221,214,974,180,798,508,460
628: 84,720,1189,678,263,713
629: 699,1158,582
630: 1144,1059,417,1108,1020
631: 228,82,420,1007,709
632: 466,352,675,388,1047,643,517
633: 504,706,109,742,603,1041
634: 116,1044,620,204,1018,392
635: 132,483,378,828,376,707
636: 313,474,1194,485,621,975
637: 805,956,1125,1140,961,1055
638: 1092,933,1115,952,1072
639: 1196,1097,355,1141,834,1092
640: 147,688,701,610,431
641: 1023,540,1189,58,496,713
642: 416,468,745,75,603
643: 568,517,632,352,717,1124
644: 454,945,1004,795,206,333
645: 146,208,717,901,352,675,684
646: 932,280,582,1073
647: 1125,1066,241,386,822,956
648: 380,168,456,35,733,1027
649: 563,746,425,1127,134,307
650: 1017,320,5,256
651: 623,1091,905,948,1089,710
652: 186,229,1055,43,541,136,655
653: 121,948,1089,590,8,926
654: 739,547,434,986,923,90,756
655: 136,229,652,797,864
656: 418,539,536,1162,1086
657: 742,160,603,468,730
658: 813,887,1070,479,856,325
659: 489,744,1099,536,937,1086
660: 403,394,182,987,1142,1067
661: 88,931,1171,1109,1137
662: 396,363,174,776
663: 690,607,447,813,887
664: 409,570,486,177
665: 183,892,565,438,425
666: 360,834,270,1092,1180
667: 178,458,430,344,511,492
668: 154,895,562,189,306
669: 63,246,984,543,738,969
670: 265,293,671,133
671: 714,133,835,670
672: 523,1117,1173,560,784,919
673: 240,626,216,719,489,744
674: 21,566,542,106,403
675: 466,632,352,1031,901,645
676: 170,784,1175,600,932,280
677: 608,586,348,837,858
678: 59,263,84,628,847,257
679: 459,469,1203,25,305,219
680: 211,604,682,884,1179
681: 372,487,83,1032,1139,689
682: 884,841,680,196,237,1025
683: 843,735,1021,1183,36,227
684: 723,370,10,901,146,645
685: 40,355,1141,97,788,737
686: 297,579,55,866,1044,620
687: 552,591,977,128,130,935,336
688: 640,701,451,696,264,1135,431
689: 268,595,1028,1139,372,681,83
690: 217,663,607,1088,447,435
691: 12,569,722,774,1077,101
692: 221,974,443,12,749,1112
693: 92,962,1008,127,139
694: 68,1209,797,1060,77,864,1167
695: 187,963,493,611,384,48
696: 451,938,550,87,688,701
697: 989,613,129,734,243,1172
698: 336,849,1028,525,130,1078
699: 629,747,555
700: 431,575,610,1159,624,815
701: 147,640,688,696,87,1185
702: 526,913,7,351,212,304
703: 580,502,1015,324,500,432
704: 412,850,359,506,862
705: 288,1054,325,329,1090
706: 504,633,85,28,459,109
707: 1182,376,132,635
708: 415,367,886,787
709: 267,1152,631,228,1007,1029
710: 800,1089,929,623,651
711: 915,605,383,745,488,96
712: 4,968,315,900,883
713: 263,759,58,641,1189,628
714: 671,133,835,227,339,1053
715: 970,442,160,74,587,361,220
716: 215,377,856,329,172
717: 146,208,645,352,643,1128,1124
718: 990,323,209,320,276,869,256
719: 673,216,726,885,744
720: 904,84,628,156,1189,198
721: 1136,429,626,144,353,557,1063
722: 12,691,428,774,287,443
723: 370,371,684,146,840,1065
724: 2,104,950,557,544,353,461
725: 983,292,343,1013,1102,269,804
726: 477,937,117,885,744,719
727: 312,593,1210,342,917,1085,31
728: 578,497,1172,402,69,168
729: 828,866,332,376,1160,116,620
730: 587,468,160,657,337,436
731: 1087,301,533,588
732: 267,1152,560,296
733: 164,1027,648,17,35
734: 820,1150,1083,129,989,697
735: 843,683,564,131,1021
736: 842,899,16,567,585
737: 825,985,779,97,40,685
738: 528,893,543,669,984
739: 346,775,1016,654,923,756
740: 1128,1124,24,971,1078,522
741: 752,473,905,1091
742: 160,603,657,633,74,1041
743: 918,545,1010,509,765,45
744: 489,659,726,937,673,719
745: 488,757,75,711,416,642,96
746: 563,649,581,1127
747: 699,27,884,604
748: 1009,806,437,299,914,467
749: 12,569,373,221,692,91
750: 1130,875,972,114,530
751: 1151,0,589,783,266,597
752: 741,838,289
753: 498,86,375
754: 206,584,463,1004,23,822
755: 426,1063,1136,578,274,497
756: 90,176,547,739,775,654
757: 745,488,75,3
758: 305,1053,1006,25,476
759: 263,255,713,58,878,513
760: 592,1051,947,957,46,763
761: 1106,341,1177,119,1076,70
762: 794,33,11,609,19,807,226
763: 46,143,760,3,85
764: 482,580,1071,41,88,1105
765: 45,414,1033,743,545,239
766: 491,1005,200,930,907,772
767: 573,877,508,810,224,50
768: 918,545,120,239,126,896,192
769: 953,998,357,1000,990,209
770: 870,115,67,457,551,285
771: 124,801,418
772: 808,907,1168,596,491,766
773: 225,345,1060,527,1209,314
774: 298,1077,350,428,691,722
775: 739,346,756,176,1014,515
776: 174,662,113
777: 113,1018,60,392
778: 990,323,1170,179,260,357
779: 854,1156,97,985,737
780: 132,378,1159,452
781: 262,588,1087,850,248,328
782: 807,833,181,30,559,980
783: 381,589,1038,266,751
784: 170,560,919,676,672,32
785: 179,546,327,445,193,852
786: 1132,99,1002,909,1024,1110
787: 601,1193,367,708
788: 97,1086,829,1099,685,1141
789: 1013,210,1171,34,1109,272
790: 854,1156,606,801,612
791: 574,278,1147,102,152,910
792: 389,304,874,590,354,205
793: 219,611,385,1050,293,963
794: 1160,188,762,55,33,19
795: 1004,928,424,965,644,945
796: 195,199,903,231,967,817
797: 68,694,830,229,655,77,864
798: 1079,388,180,627,460,1047
799: 15,847,957,1045,46,872
800: 710,929,623
801: 124,606,771,1162,790,1156
802: 553,809,1157,302,978,1122,983
803: 1088,1114,134,583,435
804: 846,614,725,1102,1008
805: 871,637,956,857,125,1140
806: 1009,437,748,467,966,1083
807: 226,833,782,559,11,762,33
808: 907,1168,465,772,441
809: 553,571,802,1157,80,824
810: 508,460,1047,767,224,517
811: 1037,1038,230,1186,450,839
812: 509,45,840,821,371,474
813: 658,887,663,607,215,856
814: 67,939,161,1081,1180
815: 452,624,700
816: 57,98,579,1044,204,317
817: 930,967,199,796,907,465
818: 521,462,616,819,510,945
819: 433,975,294,521,818,510
820: 734,1150,72,155,989
821: 898,891,371,474,1194,812
822: 23,386,584,754,647,1066
823: 247,1049,149,584,867,1066
824: 1011,538,1123,809,1157,80
825: 250,985,737,40,242,1098
826: 117,122,885,599
827: 401,848,959,173,839,230
828: 866,729,376,1160,1121,483,635
829: 97,1086,788,1162,1156
830: 186,229,254,68,1100,797
831: 598,873,326,165,520,178
832: 1069,501,1057,356,457,285
833: 807,226,782,65,316,980
834: 360,270,666,355,639,1092
835: 36,227,339,714,671
836: 86,309,375,251,1094,899
837: 1116,858,608,951,677,419,1123
838: 473,863,289,752
839: 173,450,391,811,230,827
840: 45,812,723,371,414,1065
841: 555,682,884,237
842: 736,899,16,309
843: 683,735,564,227,339,1006
844: 1183,1017,1021,942
845: 924,897,903,405,1126,967
846: 269,395,614,804,523
847: 15,799,1045,59,678,257
848: 401,827,959,955,1163,1148
849: 110,698,1028,995,525,1139
850: 594,248,781,412,328,704,359
851: 399,148,387
852: 994,1039,445,546,785
853: 17,35,1191,514,1077
854: 779,790,393,612,985
855: 596,491,976,995,110,1043
856: 325,329,658,813,215,716
857: 189,362,306,871,805,125
858: 1116,837,677,498,348
859: 881,979,62,282
860: 989,613,155,105,335,906,1036
861: 137,999,1068,1037,1186,37
862: 506,369,193,704,359,920,1074
863: 473,838,205,926,389
864: 77,229,694,797,655
865: 231,481,513,1026,1106,897,903
866: 828,729,1160,55,686,620
867: 584,463,909,1132,1049,823
868: 552,977,253,152,910,879
869: 276,546,1039,718,323
870: 1056,115,770,14,551,1015
871: 805,956,562,241,306,857
872: 46,143,15,799,236,1131
873: 598,831,326,435,583,217
874: 792,590,411,1197,18
875: 972,889,503,154,750
876: 428,1081,201,1072,952,350
877: 1014,767,573,89,50,303
878: 58,408,1106,341,513,759
879: 152,464,910,253,868,312,342
880: 120,239,253,1208,1033,977
881: 859,282,445,994
882: 108,888,479,250,934,1054
883: 57,900,1198,712,1204
884: 555,682,841,747,680
885: 117,122,826,726,216,719
886: 415,708,535,185
887: 658,813,1070,410,447,663
888: 108,882,393,250,985
889: 503,1179,100,875,972,154
890: 987,1142,398,331,41,1105
891: 898,821,516,370,371
892: 183,665,565
893: 528,543,738,1022,9,54
894: 141,1040,22,427,1137
895: 668,367,601,189,1195
896: 534,126,918,768,347,192
897: 845,924,903,1026,865
898: 960,169,821,123,516,891,1194
899: 736,842,309,836,251,567
900: 1020,1059,315,712,883
901: 10,1103,675,1031,684,645
902: 480,322,271,531,291,958
903: 845,897,231,865,967,796
904: 84,720,131,198,622,564
905: 473,926,948,741,1091,651
906: 335,860,982,1036,137
907: 808,465,772,930,817,766
908: 609,79,940,19,1205,374,413
909: 333,463,867,1002,786,1132
910: 152,879,552,868,1147,791
911: 47,556,417,1205,1108,413
912: 1196,1097,489,240,950,544
913: 526,702,7,572,968
914: 20,299,549,748,234,1104,467
915: 1,711,605,383,1168,1174
916: 158,938,1024,550,1110
917: 330,118,439,593,727,1085,284
918: 768,743,545,347,1010,618,896
919: 784,600,395,523,672
920: 359,1184,1119,862,1074
921: 39,93,190
922: 81,301,308
923: 986,955,739,1016,654,1148
924: 845,897,405,1030,943,1026,175
925: 1161,34,553,571,292,1013
926: 473,863,205,905,653,948
927: 264,980,284,30,451,158
928: 1004,424,795,114,23,530
929: 455,1089,710,800
930: 967,817,1005,1126,766,907
931: 88,661,1105,987,1171,1067
932: 280,582,646,170,676,1158
933: 638,1092,1196,104,544,1115
934: 288,1054,882,250,42,242
935: 128,130,366,1208,977,687
936: 550,1110,1132,527,1049,225
937: 138,477,726,536,659,744
938: 451,696,158,916,550
939: 67,814,457,49,270,1069,1180
940: 609,908,102,374,278,529
941: 1166,82,1007,996,616
942: 954,1021,334,5,1017,844
943: 1030,346,1016,175,924
944: 374,574,268,83,1154,47
945: 510,644,454,965,818,462,795
946: 541,958,43,531
947: 195,199,957,1045,592,760
948: 653,1089,926,905,651
949: 150,76,480,362,271,125
950: 724,557,544,240,353,912
951: 608,492,290,988,837,419
952: 258,1115,638,876,1072,298,350
953: 334,769,5,998,256,209
954: 131,1021,198,942,334
955: 470,986,923,401,848,1148
956: 871,637,805,241,647,1125
957: 799,1045,947,592,760,46
958: 946,902,531,291
959: 827,848,230,1076,70,1163
960: 898,169,171,1194
961: 186,1055,637,254,1125
962: 693,1008,210,1102,272,1169,127
963: 493,695,1188,611,793,1050
964: 1080,1192,404,997,150,76
965: 1187,996,462,424,795,945
966: 52,129,467,806,1083
967: 930,817,845,903,1126,796
968: 4,315,712,526,913
969: 524,612,543,63,669,625
970: 715,442,74,384,187,145
971: 1107,525,73,740,24,1078
972: 100,875,232,114,889,750
973: 407,171,139,518,561,245
974: 221,692,627,214,443,1112,180
975: 433,819,485,636,313,521
976: 491,855,56,200,1107,995
977: 552,687,868,935,880,253,1208
978: 368,567,1122,251,302,802
979: 412,94,62,282,506,859
980: 264,316,927,30,833,782,1135
981: 559,529,11,102,464,181,31
982: 494,1036,906,137,450,1186
983: 292,343,725,553,802,1122
984: 1206,669,246,738
985: 250,825,737,393,779,854,888
986: 470,955,923,1046,547,434,654
987: 1142,890,660,1067,931,1105
988: 290,6,951,566,162,419,538
989: 860,613,697,734,820,155
990: 718,323,778,209,357,769
991: 297,579,1035,1153,1198
992: 310,331,1090,532,501
993: 345,1060,1185,147,300,311
994: 852,445,881
995: 1107,525,855,976,110,849,1043
996: 1187,965,1007,941,462,616
997: 601,1193,1195,1192,964,76
998: 334,769,953,1000,156,1023
999: 137,861,335,382,1068
1000: 357,558,1023,540,769,998
1001: 275,366,1065,208,1128,128,522
1002: 507,1052,454,333,909,786,99
1003: 1022,581,1127,1114,9
1004: 928,795,644,23,206,754
1005: 51,1113,1126,200,930,766
1006: 758,339,1053,249,843,476
1007: 631,82,709,941,1029,996
1008: 92,962,693,1102,614,804,1120
1009: 537,806,437,748,299
1010: 918,743,313,509,433,618
1011: 162,538,824,106,394,182,80
1012: 507,1052,618,294,347,534
1013: 789,210,1102,34,925,292,725
1014: 573,877,176,775,515,89
1015: 324,1071,551,870,14,580,703
1016: 739,346,923,1030,943,1148
1017: 650,5,942,844
1018: 1101,204,634,392,777
1019: 145,400,442,318,277,379
1020: 900,1198,630,1035,1108
1021: 131,954,942,844,1183,683,735
1022: 581,1003,528,893
1023: 156,641,540,1189,1000,998
1024: 330,118,194,786,99,916
1025: 503,1179,1146,682,196,185
1026: 1030,1106,1177,924,897,865
1027: 164,733,1145,380,648,281
1028: 336,698,849,1139,595,689
1029: 1187,709,1152,1007,619,29
1030: 943,1163,1026,1016,1177,924
1031: 466,675,423,202,901,1103
1032: 1174,1043,1139,1,487,681
1033: 275,414,366,765,880,239,1208
1034: 577,147,311
1035: 1108,413,1153,1020,1198,991
1036: 982,61,860,613,402,906
1037: 811,1038,1186,861,381,37
1038: 811,1037,230,783,1076,266
1039: 852,546,276,869
1040: 141,321,1042,894,427,218,499
1041: 74,384,48,633,109,742
1042: 141,321,1040,502,500,1134
1043: 1174,1032,1139,995,596,855,110
1044: 634,620,579,686,816,204
1045: 799,847,957,53,59,195,947
1046: 470,986,17,164,434,1096
1047: 460,810,798,388,466,632,517
1048: 1181,1087
1049: 527,823,149,867,1132,936
1050: 793,265,293,963,1188,166
1051: 592,760,465,441,488
1052: 507,1012,1002,294,510,454
1053: 305,758,339,1006,714,133,385
1054: 705,288,934,882,479,325
1055: 186,961,652,637,43,1140
1056: 870,115,14,161,1093,390,71
1057: 1069,501,832,42,238,310
1058: 1121,483,378,1159,65,495
1059: 1144,444,630,1082,900,315
1060: 345,773,993,1209,694,1167,300
1061: 273,471,1111,438,307,1155
1062: 175,515,89,405,51,1126
1063: 426,461,755,1136,721,557,274
1064: 1144,1199,448,1154,406,556,417
1065: 275,414,1001,723,146,208,840
1066: 254,647,1125,822,584,247,823
1067: 1161,1171,394,660,182,987,931
1068: 286,1164,382,861,999,37
1069: 832,1057,49,939,457
1070: 658,887,410,625,524,108,479
1071: 446,551,41,580,764,1015
1072: 1081,876,1180,638,952,350
1073: 38,66,1175,280,646
1074: 1095,920,1119,862,193,327
1075: 1191,456,2,426,461,1133
1076: 119,70,266,1038,230,959,761
1077: 298,774,514,853,691,101
1078: 130,522,740,971,525,698
1079: 798,202,388,519,223,180,449
1080: 404,964,150,322,505,1143
1081: 876,201,1072,1180,814,161
1082: 337,576,436,444,1059,315
1083: 734,1150,806,437,1084,129,966
1084: 107,153,537,437,1150,1083
1085: 284,181,30,31,593,727,917
1086: 829,788,656,536,1162,659,1099
1087: 731,781,1048,554,328
1088: 1114,803,447,163,690
1089: 121,653,948,929,455,651,710
1090: 992,310,532,705,288,542
1091: 651,905,741
1092: 638,933,639,1196,834,666
1093: 287,390,443,1056,1112,71
1094: 251,302,1116,375,836
1095: 1170,440,1074,1119,340
1096: 191,434,101,17,1046
1097: 639,912,1196,489,1099,1141
1098: 242,238,825,40,360,49
1099: 489,659,1086,788,1141,1097
1100: 68,314,254,247,149,830
1101: 204,317,1018,1190,113
1102: 1013,210,725,804,962,1008
1103: 10,901,13,423,252,1031
1104: 1136,234,429,914,52,467
1105: 88,931,987,890,41,764
1106: 341,761,1177,1026,878,865,513
1107: 971,995,525,73,56,976
1108: 1035,911,417,630,1020
1109: 22,272,1137,661,789
1110: 936,550,786,1132,916
1111: 1061,471,1155,26,165,598
1112: 71,223,180,1093,443,692,974
1113: 51,1005,200,56,235,303
1114: 1088,803,1003,1127,134
1115: 258,1133,952,104,638,933
1116: 837,858,1123,1094,1157
1117: 523,672,1173,614,1120,1129
1118: 365,319,151
1119: 920,1184,1164,340,512,1095,1074
1120: 1129,518,614,92,1008,1117
1121: 1058,483,226,65,1160,33,828
1122: 142,368,978,553,802,983,343
1123: 419,538,824,1116,837,1157
1124: 1128,740,24,352,568,643,717
1125: 254,647,1066,637,956,961
1126: 51,1005,1062,845,405,930,967
1127: 581,1003,746,649,1114
1128: 1124,740,208,717,1001,522
1129: 1120,518,1117,1173,228,420
1130: 562,241,750,386,530
1131: 1203,25,476,236,872,143,28
1132: 786,909,867,1049,936,1110
1133: 258,1115,2,104,1075
1134: 423,449,252,500,432,321,1042
1135: 431,495,575,264,316,980,688
1136: 429,1104,721,52,755,1063,274
1137: 22,1109,88,661,482,141,894
1138: 107,153,365
1139: 1043,1032,110,849,1028,689,681
1140: 43,271,125,637,805,1055
1141: 355,685,788,1099,639,1097
1142: 987,398,890,331,532,403,660
1143: 505,472,1080,322,338
1144: 1064,1199,444,630,1059,417
1145: 164,1027,173,470,401
1146: 503,1025,185,415,154
1147: 268,595,552,591,910,574,791
1148: 1163,955,923,848,1016
1149: 78,1165,121,455
1150: 734,820,1083,153,1084,72,151
1151: 751,0,119,266,408,496
1152: 732,267,709,619,1029
1153: 1035,413,79,188,297,991
1154: 372,448,83,944,47,556,1064
1155: 134,307,583,1061,1111,598
1156: 779,790,801,1162,97,829
1157: 802,809,1116,824,1123,302
1158: 629,932,582,170
1159: 1058,378,495,575,700,452,780
1160: 794,55,33,1121,828,866,729
1161: 1171,34,925,1067,182,571,80
1162: 418,656,801,1156,1086,829
1163: 1030,1148,848,959,70,1177
1164: 1068,1184,1119,512,37
1165: 8,18,184,1149,78,121
1166: 485,941,621,245,82
1167: 77,694,1060,300
1168: 808,772,441,596,1174,915,605
1169: 22,272,427,962,127,349
1170: 440,1095,179,327,260,778
1171: 1161,34,1067,931,661,789
1172: 578,728,243,613,697,402
1173: 672,1117,1129,267,228
1174: 1043,1032,596,1168,1,915
1175: 1073,38,600,197,280,676
1176: 478,533,301
1177: 1106,761,70,1030,1163,1026
1178: 213,283,396
1179: 889,503,1025,680,100
1180: 1081,1072,270,666,814,939
1181: 1048,94,62
1182: 707,332,376,295
1183: 844,1021,683,36
1184: 359,920,1119,286,1164
1185: 345,87,993,147,701
1186: 811,1037,982,861,450
1187: 1029,996,965,29,232,424
1188: 963,493,1050,93,166
1189: 156,641,1023,713,720,628
1190: 396,98,1101,317
1191: 1075,456,514,853,35
1192: 404,964,1193,997
1193: 601,787,997,1192
1194: 636,474,171,898,960,821,621
1195: 189,362,895,601,997,76
1196: 639,912,1097,544,1092,933
1197: 277,379,387,411,874,18,184
1198: 1020,1035,991,883
1199: 1144,1064,444,406,279,576
1203: 25,1131,28,459,679
1204: 548,57,98,883
1205: 374,47,911,908,413
1206: 
1207: 416,468,337,576
1208: 880,366,1033,935,977
1209: 68,314,694,345,773,1060
1210: 312,593,342,192,727,126