0: 751,408,597,558,496,540
1: 1168,1032,372,915,487,1064
2: 724,104,461,557,1075
3: 85,763,760,75,603,504
4: 548,1204,712,968,526,617
5: 650,942,844
6: 172,716,377,290,566,988
7: 702,913,361,442,351,220
8: 18,590,653,121,948
9: 543,893,1114
10: 1040,207,684,252,891,516,370,723
11: 981,529,609,762,807,559
12: 722,749,569,101
1214: 753,498,586,348,608,677
14: 1015,244,324,870,1056,519
15: 872,257,799,236,143,28
16: 736,585,66,38
17: 164,35,1145,1046,853,986
18: 8,590,184,874
19: 609,908,762,188,79,794
20: 299,914,122,549,475
21: 1011,106,172,674,329,566
22: 141,894,1109,1137,1169,427
23: 795,424,754,965,945,206
24: 1124,643,568,73,740,971
25: 1203,872,476,305,679
26: 165,261,1155
27: 629,747,170,32,1220
28: 85,143,1203,872,15,706
29: 484,1029,1187,965,232,424
30: 1085,917,284,181,927,980
31: 981,529,181,464,727,1085
32: 604,296,1220,170,784,919,27
33: 1160,794,762,807,226,828
34: 789,80,571,925,210,1013
35: 17,164,1077,298,1191,853
36: 835,1017,683,227
37: 512,1095,494,861,450,1068
38: 66,1215,16,585,197,1175
39: 921,190,259,148
40: 825,985,737,360,834,1086
41: 1071,446,1105,1142,890,398
42: 288,934,1090,242,310,992
43: 271,531,541,946,958
44: 112,458,358,103
45: 743,1033,1010,840,275,208,414
46: 799,1045,947,957,143,763
47: 1035,1205,944,83,374,574
48: 742,160,657,633,109,1050,611
49: 939,270,832,1098,285,1057
50: 767,224,877,303,235,56,233
51: 303,1113,515,1126,1062,1005
52: 721,966,274,129,1083
53: 231,481,59,255,195,1045
54: 1088,625,543,969,524
55: 297,686,620,188,1160,794
56: 995,1107,73,233,50,235,1043
57: 816,579,1101,991,883,1204,712
58: 641,496,341,713,878,759
59: 678,263,255,53,847,1045
60: 116,1190,777,392,113
61: 494,168,281,402,69,982
62: 859,1181,94,979
63: 790,854,393,246,669,612
64: 605,915,487,96,448,279,383
65: 226,833,316,495,1058,1121
66: 1215,280,38,16
67: 161,115,1081,814,1069
68: 797,77,186,1055,694
69: 613,402,728,578,168,61
70: 119,266,381,1163,1106,761
71: 1112,1056,180,223,1093,244
72: 319,422,570,820,486,860
73: 995,1107,56,233,24,568,849,971
74: 970,160,384,611,1197
75: 745,711,603,760,757,3
76: 949,601,964,1080,150,480
77: 797,68,694,300
78: 399
79: 188,1153,413,1205,908,19
80: 789,34,1157,571,1094
81: 308,602,301,922,588
82: 621,941,1007,245,1152
83: 595,689,1154,574,268,47,944
84: 904,720,628,622,678,263
85: 3,143,763,28,504,706
86: 753,498,836,309
87: 147,640,1060,451,696,701
88: 482,1137,1105,931,987,1109,272
89: 1014,775,346,515,1062,877
1218: 93,265,166,493
91: 176,547,569,1096,373,221,974,214,191
92: 1117,693,139,561,518,973
93: 1218,493,921
94: 412,979,554,1181,62
95: 124,606,984,418,771
96: 745,711,605,64,416,383
97: 737,355,779,829,1141,489
98: 396,816,548,1204,317
99: 786,909,194,333,1024,330
100: 972,232,211,484,889,1146
101: 569,853,691,1077,12,722,749
102: 152,464,278,529,940
103: 358,586,458,44,667,511
104: 724,544,2,1097,1133,1196
105: 615,453,155,860,335
106: 21,1011,162,566,1116
107: 537,748,437,1138
108: 882,479,612,1070,888,250
109: 459,469,633,48,1050
110: 1032,1107,1174,1139,849
111: 752,777,174,113
112: 520,458,44,261
113: 392,60,777,111
114: 972,232,928,424,530,750
115: 161,67,390,770,1093,1069
116: 1018,60,729,392,295
117: 477,726,937,885,826
118: 916,330,593,284,938,158
119: 70,266,1151,408,761,341
120: 192,342,768,253,545,880
121: 948,8,455
122: 599,885,549,20,475,216
123: 898,516,127,159,207,169,397
124: 606,95,984,418,771,790,801
125: 271,805,362,956,902,480
126: 192,1210,439,1024,593,917
127: 349,159,1008,139,397,123
128: 552,977,687,336,1001,130,1078,522,935,1208
129: 755,243,1083,52,274
130: 1078,522,128
131: 954,1183,198,904,564,1021
132: 707,1159,378,780
133: 1053,385,670
134: 307,1061,803,649,583,435
135: 421,570,422,308
136: 655,541,946
137: 861,1211,982,906,335,382
138: 539,536,477,937
139: 127,1008,92,693,397,973
140: 368,978,142,983,343
141: 22,894,500,703,1137
142: 302,978,553,140,983
143: 85,763,28,799,46,15
144: 950,626,475,216,353,429
145: 400,203,187,970,277
146: 723,840,509,684,901,1065,645
147: 640,87,1060,700,610,1034
148: 851,39,387,259
149: 247,527,830,254,314,773
150: 902,480,322,338,76,1080
151: 365,319,153
152: 102,312,910,791,464,278
153: 1118,151,319,1084
154: 668,306,562,185,503,875
155: 820,1084,734,860,989,105
156: 1189,1023,334,998,720,198
157: 594,453,177,286,920,359
158: 451,938,916,118,284,264,927
159: 127,349,207,499,397,516,123
160: 657,48,1019,611,1197,74
161: 67,390,115,1081,201,287
162: 566,988,106,824,538,1116
163: 803,447,690,1088
164: 17,35,1191,456,733,1145
165: 26,261,598,831,520
166: 695,493,963,293,265,1218
167: 430,377,326,217,215,716
168: 61,281,578,69,380,497
169: 407,171,397,898,1194,123
170: 676,784,919,1158,27,32
171: 407,169,245,1194,621,485
172: 716,6,856,329,566,21
173: 391,811,839,827,470,1027
174: 317,777,1178,776,752,111
175: 515,1126,1030,1148,943,405
176: 756,91,547,221,214,775,222
177: 615,453,664,248,594,157
178: 430,667,326,831,520,458
179: 546,852,327,323,1170,778
180: 1112,71,223,627,1079,798
181: 31,981,1085,30,980,782,559
182: 1116,1161,1123,824,660,1157
183: 746,425,438,665
184: 18,874,387,851,399
185: 196,535,503,415,886,154
186: 1055,314,773,694,1209,68
187: 793,695,384,970,145,203
188: 1153,79,19,794,297,55
189: 895,949,306,362
190: 400,203,39,921,259
191: 1016,923,654,1096,434,91,547
192: 120,1210,342,768,126,439
193: 785,369,862,1212,327
194: 507,333,534,1024,896,99
195: 947,199,796,53,231,1045
196: 535,185,237,1216,503
197: 1175,585,368,38
198: 131,954,156,334,904,720
199: 195,947,796,817,592,957,465
200: 930,1005,1113,976,907,772,766
201: 691,876,1081,161,390,428,722,287
202: 388,1079,449,423,466,1031
203: 145,190,187,695,493
204: 297,686,634,1044,579,1101
205: 653,304,1089,792,354,590
206: 1130,945,1066,23,754
207: 10,1040,499,159,516,123
208: 275,1001,366,414,717,45,1128
209: 718,990,769,320,276,256
210: 1013,789,34,661,1102
211: 1179,484,619,1146,100
212: 283,526,617,354,702,304
213: 838,548,283,617,363
214: 221,974,627,176,91,508,222
215: 663,607,813,217,167,716,856
216: 626,475,144,122,885,719
217: 873,215,435,607,326,167
1212: 920,1074,193,1170,327
219: 1188,679,469,963
220: 351,318,442,7
221: 974,214,692,722,749,443,569,373,176,91
222: 1014,775,214,756,176,508,573
223: 71,180,244,519,1079,449
224: 50,767,810,517,568,233
225: 550,1185,1167,696,345,1060
226: 807,833,65,33,1121,828
227: 843,683,339,36,835,714
228: 672,1173,560,420,267,709,631
229: 1140,652,1055,655,864
230: 1148,923,955,1038,848,959
231: 53,481,897,903,924,195,796
232: 100,114,972,484,29,424
233: 73,56,517,50,224,568
234: 429,914,1104,966
235: 303,1113,50,56,976,1043
236: 1006,735,257,758,872,476,15
237: 196,535,841,1216
238: 242,310,360,834,666,501,1098
239: 545,880,1208,1001,366,765
240: 673,950,626,912,1097,544
241: 386,822,928,857,530
242: 238,310,360,825,250,42,934
243: 578,755,129,1083,1172,728
244: 324,14,870,71,1056,223,519,432,449
245: 407,171,973,1007,82,621
246: 606,528,1022,669,63,790
247: 149,527,1049,1100,254,936
248: 781,262,664,177,594,850
249: 257,847,678,622,1006
250: 825,985,888,108,882,934,242
251: 302,978,375,836,899,567
252: 684,1103,1042,321,10,1040
253: 120,342,880,552,868,977,312,910,879
254: 830,647,386,1100,247,149
255: 59,263,759,53,481,513
256: 650,769,209,320,942,953
257: 799,847,249,236,1006,15
258: 1133,952,514,1075,774,350,298
259: 379,387,190,400,39,148
260: 440,778,589,597,1219,357
261: 26,165,112,520
262: 781,588,248,602,409,664
263: 59,678,255,759,713,84,628
264: 1135,927,980,701,451,158,688
265: 670,293,166,1218
266: 119,70,381,783,1151
267: 732,709,1025,228,560,296
268: 278,574,83,595,1147,791
269: 614,846,1073,364,523
270: 939,1092,49,685,666,1098
271: 43,531,125,805,902
272: 931,661,1109,88,1169,1102
273: 307,1061,438,425,1155,471
274: 461,557,721,52,129
275: 208,366,414,1033,45
276: 320,869,718,209
277: 379,411,145,400,318
278: 374,574,268,102,152,791,940
279: 448,406,64,1082,383,444
280: 66,1215,646,932
281: 494,168,61,380,450,391,839
282: 445,369,979,506,859,881
283: 212,617,354,838,389,213
284: 118,593,917,30,158,927
285: 1071,446,832,49,551,1057
286: 999,382,453,157,920
287: 692,428,722,443,201,691,161,390
288: 42,934,1090,1054,705,542
289: 863,838,662,363,741
290: 492,951,344,377,6,988
291: 1143,338,531,958
292: 983,343,925,725,1013,804
293: 385,265,670,166,963
294: 636,313,474,975,743,1002,433
295: 392,116,332
296: 604,32,784,560,267,1025
297: 55,686,204,188,1153,1044
298: 35,1077,1191,258,514,774,350
299: 20,1009,914,549
300: 311,993,694,77
301: 731,922,81,588,1176
302: 251,978,142,1122
303: 51,1113,235,1062,50,877
304: 205,702,351,792,212,354
305: 1131,25,476,679,1188
306: 154,668,562,189,895
307: 134,1061,273,563,425,649
308: 81,602,135,421
309: 836,899,842,86
310: 238,242,42,992,501
311: 300,993,577
312: 152,910,879,464,727,342,253
313: 636,294,975,433
314: 186,1055,773,830,149,1140
315: 968,572,900,1020,883,712
316: 833,782,65,1135,495
317: 1178,174,816,396,776,98
318: 351,792,220,277,411
319: 365,151,72,153,820,1084
320: 276,209,650,256
321: 423,1134,1042,252,1103
322: 150,338,1080,404,505,1143
323: 179,546,852,778,718,990,357
324: 1015,244,14,580,703,519,432
325: 329,705,813,658,887,1054,856
326: 178,430,167,831,873,217
327: 179,852,1212,785,193,1170
328: 1176,554,781,850,412
329: 674,325,705,542,172,856,21
330: 916,118,593,1024,786,99
331: 992,532,403,356,1142,398
332: 635,729,1182,295
333: 507,194,463,584,909,99
334: 942,953,998,156,954,198
335: 906,105,453,137,382
336: 552,977,687,128,1078,698,1147
337: 730,436,1207,715,1019,587,1197
338: 150,902,322,531,1143,291
339: 843,758,227,1131,714
340: 589,1119,1074,440
341: 58,496,119,408,878,761
342: 192,120,1210,253,312,879,727
343: 983,292,725,140,1073
344: 511,492,290,430,667,377
345: 993,1209,225,1167,1060,1034
346: 89,775,756,1030,1016,515,1062
347: 1052,618,1012,454,918,534
348: 358,586,753,1214
349: 127,159,1008,962,427,499
350: 774,876,258,952,1072,298
351: 792,318,220,7,702,304
352: 1065,645,717,675,632,1124,643
353: 950,144,721,429,724,557
354: 212,283,304,1089,205
355: 97,737,1099,489,1086,639
356: 501,832,992,331,398,446
357: 990,260,778,323,1219,1000
358: 103,586,348,44
359: 920,594,704,157,862
360: 238,242,40,825,834,666
361: 7,913,730,442,587,572
362: 956,189,949,480,125
363: 662,396,289,838,213
364: 600,269,1073,395,523
365: 151,319,422
366: 275,208,1001,1033,765,239
367: 415,708,668,601,787,895
368: 140,567,978,585,197
369: 282,785,445,193,862,506
370: 891,10,723
371: 821,891,509
372: 1,1032,487,681,1154,1064
373: 569,749,221,91
374: 278,574,47,1205,908,940
375: 251,498,677,858,836
376: 866,635,729,828,483,1121
377: 430,167,716,6,290,344
378: 483,1058,1159,132,707,1182
379: 277,874,387,259,411,400
380: 497,648,168,281,1027,391
381: 70,266,1186,1076,1163
382: 286,999,335,453,137,1211
383: 416,576,1082,64,96,448,279
384: 1050,611,187,793,970,74
385: 293,1188,133,1053,670
386: 241,1125,857,647,254,1195
387: 379,259,851,148,184
388: 202,1079,460,798,466,1047
389: 863,838,283,1089,926
390: 161,115,1093,201,443,287
391: 450,839,173,380,281,1027
392: 295,113,116,60
393: 63,854,779,612,985,888
394: 1011,674,542,1090,532
395: 784,919,600,364,672,523
396: 662,363,776,98,317
397: 407,169,973,127,159,139,123
398: 1142,890,331,356,832,446,41
399: 78,851,184
400: 145,190,277,379,259
401: 986,955,470,827,1038,1037
402: 613,69,906,989,61,982
403: 532,331,1123,660,1142
404: 1080,1193,1192,322,505,472
405: 1026,924,845,943,175,1126
406: 448,279,556,1064,444,417
407: 171,169,245,397,973
408: 1151,751,0,119,496,341
409: 664,1036,486,421,602,262
410: 658,887,1217,625,1070,479
411: 277,874,379,792,318
412: 94,979,506,554,328,850,704
413: 1153,79,1108,1035,911,1198,1205
414: 275,208,840,1065,717,45
415: 367,708,886,185,668
416: 576,383,745,96,642,468
417: 444,1199,556,406,1035,1198
418: 539,771,536,124,95,801,656
419: 837,858,1122,951,538,802
420: 561,518,1007,228,1173,631
421: 135,570,308,602,409,486
422: 365,72,135,570
423: 1134,321,202,449,1103,1031
424: 795,928,23,29,965,114,232
425: 563,746,183,438,307,273
426: 456,514,1075,461,1063
427: 1169,962,22,894,349,499
428: 722,287,201,691
429: 721,234,475,144,353
430: 178,667,377,326,167,344
431: 688,575,452,701,640,700
432: 519,1134,580,703,244,324,500
433: 1012,819,818,636,313,294,975,1002
434: 986,955,1046,1096,923,191
435: 607,134,803,690,583,217
436: 730,337,1207,1059,900
437: 748,107,1118,1138,1136,467
438: 665,565,183,425,471,273
439: 918,1024,192,768,126
440: 1170,260,1074,340,589
441: 605,915,488,808,1051,1168
442: 587,1197,7,361,220
443: 692,287,390,1093,1112,221,974
444: 1199,417,1059,406,279,1082
445: 282,785,369,1039,881,994
446: 1071,285,41,356,832,398
447: 163,690,1217,663,887
448: 406,279,64,487,1064,383
449: 202,1079,244,223,423,519,1134
450: 391,839,1068,494,281,37
451: 696,938,158,264,927,701,87
452: 431,575,1159,700,780,815
453: 615,105,177,335,157,286,382
454: 1012,819,644,347,507,534
455: 1165,121,1149
456: 426,514,1063,733,164,1191
457: 870,551,1057,1069,770
458: 112,520,44,178,667,103
459: 679,109,469,1203,633,706
460: 508,798,573,388,466,810,1047
461: 274,557,2,426,1075
462: 1187,965,996,510,616,945
463: 507,333,584,1066,644,1130
464: 102,152,312,727,31,981,529
465: 592,930,817,199,907,1051
466: 1031,675,388,202,460,632,1047
467: 1136,1150,748,437,1118,806
468: 742,657,1019,642,715,416,576
469: 459,679,109,219,1050
470: 1145,827,173,401,986
471: 1155,1111,438,565,273
472: 505,404,1192
473: 905,863,926,741
474: 636,294,821,1194,743,1010
475: 144,216,122,20,914,429
476: 25,872,236,758,305
477: 117,726,937,138
478: 731,1048
479: 108,1054,882,1070,658,410
480: 150,902,949,76,362,125
481: 53,231,865,513,897,255
482: 580,1137,764,88,1105
483: 1058,1121,378,635,376,1182
484: 619,29,1029,211,100,232
485: 621,1166,171,1194,636,975
486: 409,1036,860,72,421,570
487: 605,915,64,1,372,1064,448
488: 605,441,808,1051,757,711
489: 1099,912,1141,788,97,355
1216: 682,841,196,237
491: 855,976,772
492: 608,511,951,290,344,837
493: 166,695,93,1218,203
494: 61,281,861,982,450,37
495: 688,575,1135,316,65,1058
496: 58,641,341,0,408,540
497: 380,648,1063,578,755,168
498: 753,1214,86,677,836,375
499: 1040,207,427,894,349,159
500: 141,894,1042,703,1134,432
501: 356,832,1098,238,310,992
1219: 597,558,1000,260,778,357
503: 889,875,196,185,154
504: 1041,633,706,3,85,603
505: 472,404,1192,322,1143
506: 412,979,704,282,369,862
507: 194,333,463,454,644,534
508: 460,798,573,627,214,222
509: 723,840,146,371,821,891,1010
510: 521,1004,616,945,1066,462
511: 608,492,344,667,103,586
512: 37,783,1095,1068,1184
513: 865,481,1106,878,255,759
514: 426,456,1075,258,298,1191
515: 175,1126,1062,1030,89,346,51
516: 898,891,123,159,10,207
517: 810,632,1047,224,643,568,233
518: 420,561,846,92,1173
519: 1134,432,244,324,14,223,449
520: 112,458,165,261,831,178
521: 1004,510,616,1166,941,818
522: 740,130,1078,1128,1001,128
523: 672,1173,364,269,846,395
524: 669,1070,528,969,625,54
525: 1139,849,971,740,1078,698,1028
526: 212,617,968,702,913,4
527: 247,149,936,1185,1167,773
528: 969,1003,1022,246,669,524
529: 31,981,11,102,464,609,940
530: 857,871,750,114,928,241
531: 43,271,902,338,291,958
532: 992,331,403,1090,394
1220: 604,32,680,747,27,884
534: 918,1024,896,454,347,507,194
535: 196,185,237,886
536: 418,539,138,937,656,659
537: 1104,748,107,1009
538: 824,802,951,162,988,419
539: 418,771,536,138
540: 1189,1023,0,558,641,496
541: 652,43,946,136
542: 674,329,705,288,1090,394
543: 893,9,738,969,1088,54
544: 724,104,240,950,1097
545: 880,239,618,765,120,768
546: 179,852,323,1039,869,718
547: 756,176,91,1096,1016,191
548: 4,1204,617,98,213
549: 599,122,20,299
550: 225,1185,1110,916,696,938
551: 870,457,1057,1071,285,764,1015
552: 868,977,687,128,336,1147,253,910,791
553: 809,571,142,983,925
554: 1176,328,1087,412,94
555: 682,884,841,699,747
556: 1154,1064,406,1035,944,417
557: 274,461,353,721,724,2
558: 597,1219,1000,0,1023,540
559: 807,833,782,981,11,181
560: 228,672,784,296,267
561: 420,518,1007,92,973
562: 154,306,875,871,750
563: 746,425,1127,581,307,649
564: 1006,735,904,622,131,1021
565: 438,892,665,1111,471
566: 162,988,172,6,21,106
567: 368,899,251,978,736,585
568: 24,643,517,224,73,233
569: 1046,1096,373,853,101,12,722,749,221,91
570: 135,421,72,422,486
571: 553,809,1094,80,34,925
572: 315,968,900,730,913,361
573: 508,460,798,1014,222,810,767
574: 278,374,268,83,47
575: 688,431,452,495,1159,1058
576: 715,416,1082,383,468,1207
577: 624,610,311
578: 755,243,728,69,497,168
579: 816,57,1101,991,1044,204
580: 482,703,1137,764,1015,324,432
581: 1114,1127,563,746
582: 646,1158,629
583: 598,873,134,1061,435
584: 333,463,1130,867,909
585: 736,16,368,567,38,197
586: 358,103,348,608,511,1214
587: 442,1197,730,337,361
588: 781,262,81,602,301,1176
589: 340,1164,440,260,751,597
590: 8,18,792,874,653,205
591: 595,698,1028,1147
592: 760,957,465,757,199,1051
593: 330,118,284,1024,126,917
594: 850,704,157,248,177,359
595: 83,591,689,698,1028,1147,268
596: 855,1174,1168
597: 1219,558,589,260,751,0
598: 831,873,583,1155,1061,165
599: 122,885,826,549
600: 364,1175,676,919,395
601: 997,787,964,367,895,76
602: 81,308,421,409,262,588
603: 745,711,75,642,3,504,1041
604: 296,32,1220,680,1025
605: 441,915,64,487,488,711,96
606: 124,95,984,246,1022,790
607: 215,663,435,690,217
608: 511,492,586,1214,677,837
609: 908,19,940,762,529,11
610: 147,700,1034,577,624
611: 1050,384,160,48,74
612: 669,1070,63,393,108,888
613: 402,728,69,697,734,989
614: 269,846,1073,725,804,1117
615: 105,453,177,664,1036,860
616: 521,510,941,462,996
617: 212,283,526,548,4,213
618: 1052,347,765,545,918,768
619: 484,1029,732,1025,211
620: 55,686,634,1160,866,1018
621: 82,1166,941,485,171,245,1152
622: 904,84,678,249,1006,564
623: 905,651,710
624: 577,700,610,815
625: 1088,1217,54,524,1070,410
626: 950,144,216,719,673,240
627: 974,214,1112,180,508,798
628: 84,720,641,713,1189,263
629: 699,747,27,582
630: 991,1144,1020,1044,1108
631: 1152,228,420,1007,709
632: 1047,517,466,675,645,352,643
633: 504,1041,706,459,109,742,48
634: 686,204,620,1101,1018,1190,1178
635: 376,729,483,1182,332
636: 313,474,294,975,1194,1166,485,433
637: 647,1195,956,805,961
638: 933,1115,1156,639,1162
639: 638,933,355,1099,1162,1086
640: 147,87,700,701,688,431
641: 58,496,713,1189,540,628
642: 745,603,1041,416,742,468
643: 24,1124,568,632,517,352
644: 819,454,1004,1066,507,463
645: 1065,717,352,901,675,632,146
646: 1158,582,932,280
647: 830,254,1195,637,386,961
648: 380,497,1063,733,1027
649: 803,563,1127,134,307
650: 5,256,320,942
651: 926,948,905,623
652: 541,1140,229,961
653: 1089,205,8,590,948
654: 1016,923,191
655: 136,229,864
656: 829,1141,418,536,801,659
657: 742,160,48,1019,468
658: 410,887,813,1054,479,325,705
659: 788,744,536,937,656,1141
660: 1142,1067,403,182,1161,1123
661: 1171,931,272,789,210,1102
662: 363,396,776,289,1091
663: 215,607,813,447,690,887
664: 409,1036,262,248,615,177
665: 438,892,565,183
666: 834,685,238,360,1098,270
667: 178,430,458,103,511,344
668: 154,306,415,367,895
669: 524,612,528,246,63
670: 265,133,293,385
671: 1053,835,714
672: 228,1173,523,560,784,395
673: 719,788,744,240,626,912
674: 329,705,542,21,1011,394
675: 466,1031,901,632,1047,645,352
676: 170,919,600,1175,1158,932
677: 837,858,608,498,1214,375
678: 59,263,84,622,847,249
679: 459,469,1203,25,305,219,1188
680: 604,1220,1025,884,1179
681: 1154,1139,1032,372,689,1028
682: 555,884,841,1216,1179
683: 843,227,1021,1183,1017,36
684: 252,1103,901,10,723,146
685: 1162,834,666,1156,1092,270
686: 297,55,204,620,634
687: 552,977,128,336
688: 431,575,495,264,1135,701,640
689: 83,595,1028,681,1154,944
690: 163,803,447,663,435,607
691: 201,774,876,1077,428,722,287,101
692: 722,749,443,287,221,974
693: 1117,92,1129,1008,139
694: 993,1209,186,77,68,300
695: 187,793,166,493,963,203
696: 451,938,550,225,87,1060
697: 806,734,1172,613,728
698: 591,595,1028,1147,1078,525,336
699: 629,747,555
700: 147,640,610,431,452,624,815
701: 264,451,640,87,688,431
702: 7,913,351,212,526,304
703: 580,1137,324,141,500,432
704: 594,850,412,506,359,862
705: 674,325,329,542,658,1054,288
706: 504,633,85,28,1203,459
707: 132,1182,378
708: 415,367,886,787
709: 732,267,228,631
710: 800,623
711: 745,96,75,603,757,605,488
712: 4,1204,883,315,968,57
713: 58,641,263,759,628
714: 1131,339,227,835,671,1053
715: 576,1019,468,337,1207
716: 172,6,856,215,377,167
717: 1065,645,352,1124,208,414,1128
718: 990,209,546,323,869,276
719: 744,673,726,885,626,216
720: 904,84,628,156,1189,198
721: 429,52,353,274,557
722: 12,692,428,749,287,201,691,569,101,221
723: 840,509,146,10,684,901,891,370
724: 104,544,2,950,353,557
725: 292,343,804,614,1073
726: 117,477,937,885,826,719,744
727: 312,464,1210,342,1085,31
728: 613,69,697,578,243,1172
729: 866,635,376,1018,116,332
730: 337,436,587,572,900,361
731: 478,301,1048,1176,1087
732: 267,709,1025,619,1029
733: 648,1063,456,164,1191,1145,1027
734: 697,155,1084,613,989
735: 236,1006,564,843,758,1021
736: 16,585,899,842,567
737: 97,355,779,40,985
738: 543,893,969,1003
739: 1148,1016,923
740: 1078,522,1128,24,1124,525,971
741: 863,289,473
742: 657,48,468,642,1041,633
743: 1033,45,1002,1010,474,294
744: 719,788,673,659,726,937
745: 711,96,75,642,603,416
746: 563,183,425,581
747: 629,699,27,1220,555,884
748: 537,1104,107,437,1136,467
749: 12,692,722,569,373,101,221
750: 871,530,875,114,972,562
751: 1151,0,408,589,1164,597
752: 111,174,776,1091
753: 498,1214,86,348
754: 795,23,206,822,1125,823
755: 578,243,129,497,1063
756: 176,547,1030,1016,775,222,346
757: 592,760,1051,488,711,75
758: 843,339,236,735,476
759: 263,255,878,58,713,513
760: 592,957,757,3,763,75
761: 1106,878,119,70,341
762: 609,19,11,807,33,794
763: 3,85,143,46,760,957
764: 482,580,1071,1105,551,1015
765: 1052,618,1033,366,545,239
766: 907,772,930,200
767: 50,224,877,573,1014,810
768: 192,120,618,545,918,439
769: 990,209,1000,953,998,256
770: 115,1093,870,457,1069,1056
771: 418,539,124,95
772: 808,907,766,200,491,855,976
773: 186,314,149,527,1167,1209
774: 350,691,876,258,1077,298
775: 1014,89,222,346,756,176
776: 662,396,317,174,752,1091
777: 1178,174,1190,60,113,111
778: 1170,260,179,323,1219,357
779: 854,393,829,985,97,737
780: 815,452,1159,132
781: 262,588,248,1176,328,850
782: 833,316,559,181,1135,980
783: 512,1164,1184,266,1151
784: 170,919,395,672,560,296,32
785: 445,193,369,1039,852,327
786: 909,1132,99,1110,916,330
787: 601,997,367,708
788: 744,673,659,1141,912,489
789: 80,34,1157,1171,661,210
790: 63,854,801,124,606,246
791: 152,910,552,1147,278,268
792: 351,318,411,304,205,590
793: 187,695,963,1050,384
794: 1160,33,19,762,188,55
795: 928,424,23,754,822
796: 195,199,924,231,903,967,817
797: 864,77,68,1055
798: 508,460,573,180,627,388,1079
799: 257,847,1045,46,947,143,15
800: 710,1149,929
801: 790,854,124,418,656,829
802: 824,538,419,1122,809,1094
803: 163,649,690,134,435
804: 1013,1129,292,725,614,1117
805: 271,125,956,637
806: 697,1118,467,1150,1172
807: 226,833,559,11,762,33
808: 907,772,1051,855,1168,441,488
809: 553,571,1094,1122,802
810: 1047,517,460,573,767,224
811: 839,827,173,1068,1037,1186
1213: 1199,1059,1144,1020,900
813: 215,663,658,887,856,325
814: 1081,1180,939,1092,1069,67
815: 780,700,452,624
816: 57,579,1101,1204,317,98
817: 930,967,199,796,907,465
818: 819,433,1166,975,521,1004
819: 1012,454,818,433,644,1004
820: 155,1084,319,72,860
821: 898,371,891,1194,509,474,1010
822: 241,1125,795,928,754
823: 867,1049,1100,754,1125
824: 538,802,162,182,1116,1094
825: 40,985,250,242,360
826: 599,885,117,726
827: 811,173,470,401,1037
828: 866,376,226,1160,33,1121
829: 656,1141,854,801,779,97
830: 647,254,149,1140,961,314
831: 598,873,165,520,178,326
832: 356,501,1098,49,398,446,285
833: 807,226,316,782,559,65
834: 1162,685,666,1086,40,238,360
835: 36,227,714,671
836: 309,899,498,86,251,375
837: 677,858,419,608,492,951
838: 863,289,389,213,283,363
839: 450,391,811,173,1068,281
840: 723,509,146,1065,45,1010,414
841: 555,682,1216,237
842: 309,899,736
843: 758,683,339,227,1021,735
844: 942,5,954,1183
845: 924,405,1126,967,1005
846: 269,614,1117,1173,523,518
847: 257,799,1045,249,59,678
848: 1177,943,959,1148,230
849: 525,1139,971,1107,73,110
850: 594,704,781,248,328,412
851: 148,387,184,399
852: 179,546,327,323,785,1039
853: 569,1046,101,17,35,1077
854: 63,790,393,801,779,829
855: 596,491,976,1043,1174,808,772,1168
856: 172,716,215,813,325,329
857: 871,530,241,386,1195
858: 677,837,419,1122,375
859: 62,979,282,881
860: 1036,486,72,155,820,615,105
861: 137,1211,982,494,37,1095
862: 193,369,704,506,359
863: 289,838,389,926,741,473
864: 797,229,1055,655
865: 481,513,897,1106,1026
866: 376,729,828,1160,620,1018
867: 823,1049,584,909,1132
868: 552,977,253,910
869: 546,718,276
870: 551,457,770,1015,244,14,1056
871: 857,530,750,562
872: 1203,25,476,15,236,28
873: 598,831,583,217,326
874: 379,411,18,590,184
875: 889,503,972,154,562,750
876: 201,774,350,691,1072,1081
877: 50,767,1014,89,1062,303
878: 1106,761,58,341,513,759
879: 312,910,342,253
880: 545,239,1208,977,120,253
881: 994,859,282,445
882: 108,1054,479,888,250,934
883: 991,1020,315,57,712
884: 555,682,747,1220,680,1179
885: 599,122,826,117,726,719,216
886: 415,708,535,185
887: 658,410,447,1217,663,813,325
888: 985,250,612,393,108,882
889: 503,875,1146,100,972
890: 1142,1067,398,41,1105,987
891: 898,371,821,516,370,10,723,509
892: 665,565
893: 543,9,738
894: 141,22,1042,500,427,1040,499
895: 189,949,367,668,306,601
896: 534,1024,194
897: 231,865,481,1026,924
898: 821,891,1194,516,123,169
899: 836,309,842,251,736,567
900: 315,572,1213,730,436,1020
901: 684,1103,1031,675,723,146,645
902: 150,480,338,271,531,125
903: 231,924,796
904: 84,720,622,131,198,564,1021
905: 623,473,651
906: 335,989,402,137,982
907: 808,772,766,1051,930,817,200,465
908: 609,19,940,374,1205,79
909: 786,1132,99,333,584,867
910: 152,312,879,791,552,868,977,253
911: 1035,1205,413
912: 1099,489,1097,788,673,240
913: 7,702,361,968,572,526
914: 20,299,1009,1104,475,234
915: 605,441,64,487,1168,1
916: 330,118,786,1110,550,938,158
917: 1085,30,1210,126,593,284
918: 534,439,1024,618,347,768
919: 170,676,784,395,600,32
920: 1212,359,1074,157,286
921: 39,93,190
922: 301,81
923: 739,1148,1016,654,230,191,955,434
924: 1026,845,405,231,897,903,967,796
925: 983,292,553,571,34,1013
926: 651,863,389,473
927: 264,1135,980,284,30,451,158
928: 795,424,114,530,241,822
929: 1149,1165,800
930: 967,817,1005,200,907,766,465
931: 1171,661,987,1109,272,88
932: 646,1158,1215,280,1175,676
933: 638,1115,639,1099,1097,1196
934: 42,288,1054,882,250,242
935: 1001,128
936: 1185,1049,1132,1110,247,527
937: 117,477,726,536,138,744,659
938: 451,696,158,916,118,550
939: 1092,49,270,814,1057,1069
940: 609,908,102,278,374,529
941: 82,621,1166,1152,996,521,616
942: 334,953,650,5,256,954,844
943: 848,1177,1148,175,1026,405
944: 1035,47,83,689,556,1154
945: 510,1066,965,462,23,206
946: 958,43,541,136
947: 195,199,799,1045,46,957
948: 121,653,8,651
949: 189,895,76,362,480
950: 626,144,353,240,724,544
951: 492,290,988,837,419,538
952: 258,1133,1196,1115,1072,350
953: 334,942,998,769,256
954: 131,1183,198,334,942,844
955: 401,986,434,1038,923,230
956: 362,1195,637,125,805
957: 592,760,947,199,46,763
958: 946,43,531,291
959: 848,1177,1163,1038,1076,230
1215: 66,280,38,1175,932
961: 1140,652,830,647,637
962: 1169,427,1120,349,1008
963: 793,166,695,219,293
964: 601,997,76,1080,1193
965: 1187,462,29,945,424,23
966: 1136,1150,234,52,1083
967: 930,817,1005,924,845,796
968: 315,572,913,4,712,526
969: 528,1003,543,738,54,524
970: 74,384,187,145
971: 525,849,24,73,740,1078
972: 100,114,232,889,875,750
973: 407,245,397,92,139,561
974: 221,627,214,692,443,1112,91
975: 636,313,294,1166,485,818,433
976: 491,855,1043,1113,235,200,772
977: 552,868,687,128,336,880,1208,253,910
978: 251,302,142,140,368,567
979: 412,94,506,62,859,282
980: 264,1135,927,30,181,782
981: 31,529,11,181,464,559
982: 137,861,402,906,494,61
983: 292,343,925,142,553,140
984: 124,606,95,1022
985: 40,825,888,250,393,779,737
986: 401,955,434,17,470,1046
987: 1171,931,890,1067,1105,88
988: 162,566,6,951,290,538
989: 906,734,155,613,402
990: 718,769,209,357,323,1000
991: 1020,630,883,1044,57,579
992: 532,331,42,1090,310,356,501
993: 345,694,1209,1034,300,311
994: 881,445,1039
995: 1107,73,56
996: 1187,462,1152,941,616
997: 601,787,964
998: 334,953,1000,769,156,1023
999: 286,382,1211,1119
1000: 1219,558,990,769,357,1023,998
1001: 208,366,522,935,1128,239,1208,128
1002: 743,1033,294,1012,433,1052
1003: 528,1206,969,1022,738
1004: 521,510,1066,819,818,644
1005: 930,967,200,1126,845,51,1113
1006: 236,735,564,622,257,249
1007: 420,561,245,631,1152,82
1008: 127,349,139,1129,962,1120,693
1009: 299,914,537,1104
1010: 743,45,821,840,509,474
1011: 21,106,394,674,1116,1123
1012: 819,454,433,1002,1052,347
1013: 210,804,1129,34,292,925
1014: 89,775,222,573,767,877
1015: 324,14,870,551,580,764
1016: 739,1030,1148,923,654,191,756,547,346
1017: 1183,683,36
1018: 116,1190,620,634,866,729
1019: 160,657,468,715,337,1197
1020: 991,1144,630,883,1213,315,900
1021: 843,683,904,131,735,564
1022: 528,1003,606,984,246
1023: 156,1189,540,558,1000,998
1024: 918,534,439,896,194,126,99,330,593
1025: 732,267,604,296,680,619
1026: 924,405,1177,943,865,897
1027: 1145,380,648,733,391,173
1028: 591,595,689,698,525,1139,681
1029: 484,619,29,732,1187
1030: 1148,1016,756,346,175,515
1031: 466,675,423,202,1103,901
1032: 1168,1,110,372,1174,1139,681
1033: 743,45,1002,275,366,1052,765
1034: 147,1060,610,993,345
1035: 47,911,1198,1205,944,556,417,413
1036: 409,664,486,860,615
1037: 1038,1186,1076,811,827,401
1038: 1037,1076,401,955,230,959
1039: 785,445,994,546,852
1040: 10,207,499,894,1042,252
1041: 504,633,642,603,742
1042: 894,500,1134,321,1040,252
1043: 855,976,1174,235,1107,56
1044: 991,630,1153,1108,297,204,579
1045: 799,847,46,53,59,195,947
1046: 569,1096,853,17,986,434
1047: 810,632,517,388,460,466,675
1048: 731,478,1087
1049: 867,823,1100,1132,247,936
1050: 384,611,109,469,48,793
1051: 808,907,592,465,757,441,488
1052: 618,347,765,1033,1002,1012
1053: 671,133,1131,714,385
1054: 882,479,658,325,705,288,934
1055: 186,314,1140,229,797,864,68
1056: 71,870,770,1093,244,14
1057: 551,457,1069,939,49,285
1058: 483,1121,378,65,575,495,1159
1059: 1213,444,1199,1082,436,1207
1060: 147,87,1034,225,696,345
1061: 134,307,273,1155,598,583
1062: 515,89,346,877,51,303
1063: 497,648,733,755,426,456
1064: 556,1154,1,372,487,448,406
1065: 645,717,352,840,146,414
1066: 1004,510,945,644,206,1130,463
1067: 660,1142,890,1161,1171,987
1068: 450,811,839,37,512,1186
1069: 457,1057,939,814,67,115,770
1070: 524,612,625,410,108,479
1071: 446,285,41,1105,551,764
1072: 1081,1180,1115,952,350,876
1073: 269,614,343,725,364
1074: 1212,920,340,1170,440
1075: 426,514,2,461,258,1133
1076: 1038,1037,1186,381,959,1163
1077: 35,298,774,691,853,101
1078: 740,130,522,525,971,128,336,698
1079: 388,202,449,180,223,798
1080: 404,1193,964,76,150,322
1081: 1072,814,1180,201,876,161,67
1082: 576,383,279,444,1059,1207
1083: 243,129,1172,52,1150,966
1084: 155,820,153,319,734
1085: 917,30,1210,727,31,181
1086: 1162,834,40,355,639
1087: 1176,554,731,1048
1088: 1217,625,54,543,163
1089: 653,205,354,389
1090: 42,288,542,394,992,532
1091: 662,776,752
1092: 939,270,685,1156,814,1180
1093: 390,115,770,443,1112,71,1056
1094: 809,571,824,802,80,1157
1095: 37,512,861,1211,1184,1119
1096: 569,1046,434,91,547,191
1097: 1099,912,240,104,544,933,1196
1098: 501,832,238,666,49,270
1099: 912,489,1097,355,933,639
1100: 823,1049,1125,254,247
1101: 816,57,579,204,634,1178
1102: 1169,1120,661,272,210
1103: 684,252,901,423,321,1031
1104: 537,748,1009,914,234,1136
1105: 1071,41,890,987,482,764,88
1106: 878,761,70,1177,1163,865,513
1107: 995,73,56,1043,1174,849,110
1108: 1153,413,1198,1144,630,1044
1109: 931,272,1137,88,1169,22
1110: 786,1132,916,936,550,1185
1111: 1155,471,565
1112: 71,180,1093,443,974,627
1113: 51,303,235,1005,200,976
1114: 1127,581,9
1115: 638,933,1156,952,1072,1180
1116: 182,1123,162,1011,106,824
1117: 92,693,804,1129,614,846
1118: 1138,153,437,467,806
1119: 340,1184,1211,999,1095
1120: 1169,962,1102,1129,1008
1121: 483,1058,226,65,376,828
1122: 858,419,802,302,809
1123: 182,1116,1011,403,660
1124: 24,643,717,352,740,1128
1125: 386,822,754,823,1100
1126: 175,515,845,405,51,1005
1127: 1114,581,563,649
1128: 740,522,717,1124,208,1001
1129: 1013,804,1120,1117,693,1008
1130: 206,1066,463,584
1131: 305,714,339,1053,1188
1132: 786,909,1110,867,1049,936
1133: 258,952,1196,104,1075
1134: 423,519,321,432,1042,500,449
1135: 264,927,980,316,782,688,495
1136: 467,1150,966,1104,748,437
1137: 482,580,703,88,1109,141,22
1138: 1118,107,437
1139: 525,849,1032,110,1028,681
1140: 652,229,961,830,1055,314
1141: 656,829,788,659,97,489
1142: 660,890,1067,398,331,403,41
1143: 291,322,338,505
1144: 1020,630,1198,1213,1199,1108
1145: 470,1027,733,17,164
1146: 889,1179,211,100
1147: 591,595,698,552,336,791,268
1148: 739,1030,1016,923,230,848,943,175
1149: 1165,455,800,929
1150: 1136,467,966,806,1083,1172
1151: 751,408,783,1164,119,266
1152: 631,1007,82,621,941,996
1153: 188,413,79,1108,1044,297
1154: 556,681,1064,372,83,689,944
1155: 1111,471,1061,273,26,598
1156: 638,1115,1162,685,1092,1180
1157: 789,80,182,1161,1094,1171
1158: 646,582,932,170,676
1159: 575,452,1058,378,780,132
1160: 33,794,55,620,866,828
1161: 182,660,1067,1157,1171
1162: 834,685,1086,638,1156,639
1163: 1177,959,1076,70,381,1106
1164: 589,1184,783,1151,751
1165: 455,1149,929
1166: 621,941,485,636,975,521,818
1167: 225,1185,527,773,345,1209
1168: 1,1032,596,855,1174,808,441,915
1169: 962,427,1102,1120,1109,272,22
1170: 440,778,1212,1074,179,327
1171: 931,661,987,1161,1067,789,1157
1172: 243,1083,1150,806,697,728
1173: 228,672,523,846,420,518
1174: 596,855,1043,1107,1168,1032,110
1175: 600,197,1215,38,932,676
1176: 554,328,1087,731,301,781,588
1177: 848,943,959,1163,1106,1026
1178: 317,777,174,634,1101,1190
1179: 211,680,682,884,1146
1180: 1072,1081,814,1115,1156,1092
1181: 94,62
1182: 707,483,378,635,332
1183: 131,954,1017,844,683
1184: 1164,1119,512,783,1095
1185: 936,550,225,1167,1110,527
1186: 1037,1076,811,1068,381
1187: 965,462,996,29,1029
1188: 219,385,305,1131,679
1189: 156,1023,540,641,720,628
1190: 1018,60,634,777,1178
1191: 164,35,298,456,514,733
1192: 404,1193,505,472
1193: 1080,404,1192,964
1194: 898,821,171,169,485,636,474
1195: 647,637,857,386,956
1196: 1133,952,1097,104,933
1197: 442,587,160,1019,337,74
1198: 1035,1199,417,413,1108,1144
1199: 1213,444,417,1059,1198,1144
1203: 25,872,28,706,459,679
1204: 548,4,712,816,57,98
1205: 1035,47,911,374,908,413,79
1206: 
1207: 337,436,715,576,1082,1059
1208: 880,239,1001,977,128
1209: 993,345,694,1167,186,773
1210: 192,342,126,727,1085,917
1211: 137,861,999,382,1095,1119
1217: 1088,625,447,410,887