0: 408,751,597,558,496,540
1: 487,915,1168,1064,1154,448
2: 298,724,104,461,426
3: 504,15,46,760,763,1050
4: 617,526,968,913,548,712
5: 650,942,953,844
6: 988,566,377,290,172,716
7: 442,337,587,730,361,572
8: 590,1228,653,121
9: 1114,1127,543,1223,803,163
10: 509,1040,516,898,171,821,1004
11: 940,19,529,981,33,762
1209: 186,314,1055,773,694
1214: 753,498,348,586,677,608
1235: 578,402,989,906,155,105
15: 3,504,143,46,872,85
16: 736,38,842,66
17: 470,164,986,733,1145,35
18: 874
19: 940,908,11,79,762,794
20: 299,1009,549,122,475,914
21: 394,172,674,542,566
22: 127,123,159,139,427,962,1109
23: 424,928,965,754,945,795
24: 568,643,971,1124,740,1078
25: 1203,476,305,758,679
26: 165,261,1061,1155
27: 604,1220,32,170,629,747
28: 504,1203,85,742,633,706
29: 484,619,100,1029,232,424
30: 126,917,284,727,439,927
31: 152,529,917,727,181,981
32: 604,296,27,170,784,919
33: 866,762,11,807,833,559,981
34: 292,210,925,789,983,804
35: 1145,876,17,986,1075,434
36: 227,671,683,1183,1017,835
37: 783,811,861,512
38: 736,16,585,66,1215,1221
39: 921,190,259,148
40: 238,992,360,832,356
41: 1161,660,1171,890,987,1105
42: 288,1054,934,242,310
43: 271,531,541,946,958
44: 358,103,112,458
45: 743,723,840,1033,474,1010
46: 1006,143,847,763,3,15
47: 268,574,1205,689,1035,944
48: 633,642,459,657,468,109
49: 1090,398,501,356,446,285
50: 1014,1016,1077,222,303,56,1043
51: 235,1113,303,89,1005,877
52: 966,1224,806,728,129,697
53: 897,622,481,1021,865,255
54: 669,524,738,1088,1217,1236
55: 866,762,794,686,620,1018
56: 976,1043,1014,50,1107,1174
57: 579,1178,204,883,1204,816
58: 341,496,878,641,759,713
59: 799,195,924,622,796,947
60: 174,1101,116,1091,777
61: 281,982,402,168,380
62: 1181,94,979,859
63: 393,612,888,250,242,825
64: 406,279,448,487,96,383
65: 807,833,316,495,226,1121
66: 1215,280,16,38
67: 1180,350,1246,1022
68: 993,311,1055,694,77,300
69: 467,734,613,806,697,989
70: 513,761,1177,1106,381,119
71: 180,1015,1057,1093,627,1112
72: 422,319,570,486,1084,1036
73: 1107,971,233,1032,525,1139
74: 1249,187,384,611,160
75: 760,757,1050,1197,605,603
76: 949,480,601,964,150,1080
77: 797,1055,68,300
78: 399,1228,455
79: 1153,413,908,19,794,1190
80: 182,1157,824,571
81: 308,602,301,922
1231: 386,822,647,247
1167: 225,1110,1100,1185,936,527
84: 904,628,263,678,249,564
85: 1203,476,872,504,15,28
86: 836,309,753,498
87: 147,640,451,696,1034
88: 987,931,272,1129,1171
89: 1186,1126,515,1005,51,1113
1218: 1244,265,493,166,93
91: 1081,221,390,974,1072,1047,161,798
92: 693,127,139,973
93: 145,190,493,203,1244,1218,921
94: 282,979,412,554,1181,62
95: 606,771,984,528
96: 487,488,711,605,64,383
97: 355,985,788,639
98: 396,548,816,213
99: 118,593,333,194,1024,786
100: 484,29,211,1179,232,972
101: 1083,1069,1063,221,1148
102: 152,529,910,278,940,374
103: 358,586,44,458,511,667
104: 724,544,933,2
105: 906,453,155,335,820,1235
106: 394,566,1011,162,182
107: 1138,437,1118,537
108: 882,250,669,246,625,612
109: 1225,384,611,48,459,657
1196: 1246,1097,952,258,350
111: 392,295,113,752
112: 520,458,261,44
113: 116,729,295,111,1091,752
114: 232,972,875,928,750,530
115: 1093,770,692,457,1069,1162
116: 1018,729,113,634,60,1091
117: 477,726,937,826
118: 99,1135,593,786,1110,916
119: 381,266,408,1164,70,761
1176: 554,731,301,588,328
121: 710,1240,653,8,1228,948
122: 599,885,20,549,216,475
123: 127,159,207,22,139
124: 606,771,418,539,801,829
125: 956,362,480,902,271,805
126: 30,1024,1012,439,927,593
127: 123,207,22,139,92,693,973,397,516
1238: 601,964,787,997
129: 243,728,52,1224,274,557
1217: 163,1236,410,543,738,54
131: 954,683,198,904,720,843
132: 780,452,1159,707
133: 670,1188,1131,293
134: 307,273,649,690,435,583
135: 421,570,486,308
136: 655,541,946
137: 861,1211,494,906,335,982
138: 418,539,536,477
139: 127,123,22,1117,962,92,693
140: 368,725,142,197,343
1247: 1136,153,365
142: 983,725,978,553,368,140
143: 1006,46,678,249,872,15
144: 216,626,475,429,950,353
145: 190,400,93,970,203,187
146: 901,675,645,723,840,1065
147: 640,87,610,1034,575,700
148: 851,39,259,387
149: 936,527,1140,314,773
150: 322,338,902,1080,76,480
1182: 707,378,1159,332
152: 31,529,102,312,910,1210,727
153: 1136,1247,365,319,613
154: 306,1239,889,503,875
155: 105,734,820,989,1235
156: 334,998,198,1000,1189,1023
157: 1039,382,704,286
158: 451,938,916,1135,264,701
159: 123,207,22,427,1134,1008
160: 442,587,611,74,220
161: 1030,798,1081,91,1062,1046
162: 538,988,566,106,182
163: 1217,410,9,543,803,1243
164: 470,17,733,755,648
165: 26,261,1061,598,831,520
166: 493,963,1241,670,1218,265
167: 716,856,217,430,326,377
168: 578,402,243,728,380,61
169: 397,516,171,561,407,621
170: 1158,919,629,27,32
171: 516,169,898,10,621
172: 716,329,674,566,6,21
173: 401,839,1095,827
174: 317,1101,60,776,1234,777
175: 1038,1151,943,1126,515,405
176: 508,214,573,1030,1046,767,1016,1077
177: 781,262,409,506,615,664
178: 430,326,831,520,458,667
179: 327,323,718,778,990
180: 1015,223,71,627,1112,1079,388
181: 833,981,917,31,782,316
182: 80,1157,106,162
183: 892,665,746,425
184: 874,387,851,399
185: 196,535,503,415,886,1239
186: 314,1055,1209,652,229,830
187: 1249,74,384,695,203,145,970
188: 1153,991,1144,1190,297,204
189: 895,949,306,562,857,362
190: 145,400,93,39,921,259
191: 1163,1038,848,691,923,1172
192: 253,910,1210,1085,618
193: 1212,920,852,1170,327
194: 347,1024,454,333,99,593
195: 799,847,59,947,592,957,763
196: 535,185,237,682,503,1216
197: 364,1222,1221,140,343
198: 334,156,1189,720,131,954
199: 930,1045,796,967,235,1113
200: 976,1043,235,930,1019,1041
201: 1172,1068,1063,1133,1150,1083
202: 1079,423,466,460,388,1031
203: 493,695,187,145,93
204: 57,1178,188,991,883,297
205: 792,653,354,1227,212,590
206: 823,584,463,945,462,510
207: 127,123,159,1008,516,1040
208: 1128,765,1066,1033,717,1052
209: 256,990,769,718,320,276
210: 292,1013,34,789,661,1129
211: 1146,680,1179,1025,484,100
212: 617,526,205,354,1227,283
213: 617,548,396,98,283,363
214: 508,573,176,460,1096,1030,810,767
215: 325,663,813,607,856,217
216: 626,719,144,475,122,885
217: 856,167,873,607,215,326
1212: 920,359,193,1074,1170
219: 1241,385,679,469,963,793
220: 1249,442,160,318,351
221: 1081,390,91,101,1069,1072,346,1148
222: 1062,877,775,1046,303,50,1077,1043
223: 180,1015,519,244,449,1079
224: 971,233,573,1014,1016,568,517
225: 1167,550,1110,527,1060,345
226: 378,483,1121,807,65,828
227: 735,339,671,36,843,683
228: 267,560,420,1007,709
229: 652,186,655,864
230: 923,955,1095,827,1184,848
1234: 777,174,776,289
232: 114,972,29,100,424,928
233: 1107,73,971,224,1014,568,525
234: 914,429,966,1224,748,721
235: 51,1113,303,930,199,200,1043
236: 249,564,872,735,476,758
237: 196,535,682,841
238: 825,992,40,888,834,360
1177: 70,513,865,1106,943,959,1026
240: 912,673,1242,626,950,544
241: 857,956,871,386,647,637
242: 934,250,63,42,825,310
243: 728,129,557,168,755,380
244: 432,519,1137,580,1015,223
1166: 621,521,975,1004,1130
246: 669,524,790,854,108,612
247: 647,1231,867,1140
248: 704,862,664,781,328,850
249: 564,236,872,84,143,678
250: 934,108,882,242,63,612
251: 302,978,375,836,899,567
252: 509,1040,684,1008,1042,1103
253: 910,977,192,336,740,1085,791,278
254: 647,637,1140,961,830
255: 759,257,53,481,1021
256: 769,209,320,953,998,650
257: 263,255,1021,1006,678
258: 298,774,952,1196,350
259: 379,387,190,400,39,148
260: 440,778,589,597,1219
261: 26,165,112,520
262: 781,588,177,421,602,409
263: 759,713,257,84,628,678
264: 688,782,701,980,1135,284,158
265: 1218,670,166
266: 381,119,783,811,1164
267: 732,228,1025,560,296,709
268: 47,574,791,1028,1147,689
269: 846,1229,343,523,364
270: 814,501,1142,1086
271: 43,531,805,125,902
272: 88,987,1129,1120,1169,1102
273: 134,307,471,438,1061,583
274: 461,721,557,1224,129
1191: 346,1076,1148,1068,1163,1186
276: 320,718,869,209
277: 379,400,970,318,411
278: 574,791,253,910,102,374
279: 64,406,448,1082,383,1059,444
280: 66,1215,1175,932
281: 61,380,648,391,450
282: 94,979,412,369,850,785
283: 838,617,212,213,1227,389
284: 917,30,927,1135,782,264,980
285: 1142,1071,49,446,1161
286: 999,1074,157,382,359
1190: 297,686,79,1153,188,794
288: 42,1054,542,1123,532
289: 1237,1245,776,1234
290: 988,6,377,344,492,951
291: 1143,338,531,958
292: 1013,34,210,1117,804,1073
293: 1241,385,1188,670,133
1170: 440,1212,193,327
295: 635,376,729,113,111,392
296: 604,32,784,560,267,1025
297: 1190,686,188,1178,204,634
298: 258,2,774,514,426
299: 20,1009,537,549
300: 577,311,68,77
301: 81,602,478,922,588,1176
302: 251,978,375,858,809
303: 235,51,222,877,50,1043
304: 318,411,351,702,792,354
305: 1248,758,1188,25,385
306: 154,668,1239,562,189,895
307: 134,273,649,563,425,438
308: 81,602,135,421
309: 836,899,86,842
310: 825,992,242,42,1123
311: 993,68,1034,610,300,577
312: 152,1210,727
1228: 8,78,121,1240,455
314: 186,1209,773,149,1140,830
315: 968,900,630,883,712,1204
316: 688,782,65,833,181,495
317: 174,1101,579,816,776
318: 304,411,351,220,277
319: 365,72,153,1084
320: 276,256,209,650
1193: 404,505,472,1192
322: 150,338,1080,404,505,1143
323: 179,327,718,546,869,994
1179: 1146,211,100,889,1216,972
325: 813,215,658,856,329,705
326: 178,430,873,831,167,217
327: 179,323,193,852,1170
328: 781,588,1176,248,412,850
329: 172,716,856,325,674,705
1186: 89,515,1005,1163,1076,1191
331: 1090,398,1123,1116,403
332: 392,635,1182
333: 507,454,194,786,1132,99
334: 942,953,998,156,198,954
335: 906,453,105,382,137,1211
336: 740,1147,1078,253,977,791
337: 7,587,576,1089,730,1207
338: 150,322,902,531,505,1143,291
339: 735,227,671,714,1248,758
340: 589,1119,512,1074,440
341: 58,496,878,408,513,761
1163: 1038,191,1172,1068,1191,1186,515
343: 269,1229,140,725,364,197
344: 511,492,667,430,377,290
345: 993,1060,527,225,773,694
346: 1076,1191,1148,1081,221,1062
347: 768,194,1024,433,819,534,454
348: 753,1214,358,586
1178: 57,579,204,297,634,1101
350: 67,258,774,1246,1196,1027
351: 318,304,442,220,361,702
352: 1065,717,632,643,517,1128,1124
353: 461,721,144,429,724,950
354: 792,205,702,304,526,212
355: 985,97,834,1230,639,685
356: 832,501,40,49,1090
357: 990,769,1000,778,1219
358: 103,586,44,348
359: 1212,920,704,862,286
360: 685,939,834,238,40,832
361: 702,913,572,442,7,351
362: 857,956,125,189,949,480
363: 863,838,213,662,396
364: 600,1222,197,269,343,523
365: 422,319,153,1247
1169: 962,1109,1102,272,1129,1013
367: 415,708,668,601,787,895
368: 585,567,140,978,142
369: 282,850,862,920,785
1225: 384,109,459,469,695,793
1207: 730,436,1020,576,1059,337
1245: 662,396,776,289,1237
1199: 406,1154,556,417,444,1198
374: 940,908,574,1205,278,102
375: 251,302,498,677,858,836
376: 635,295,620,828,483,729
377: 6,290,430,716,167,344
378: 483,226,1121,1159,1182
379: 277,259,387,400,411,874
380: 755,648,243,168,281,61
381: 119,266,1095,1106,70
382: 157,1039,335,1211,286,999
383: 1082,416,96,711,64,279
384: 1225,611,109,695,74,187
385: 219,1241,293,305,1188,679
386: 1231,871,530,241,647
387: 259,379,851,148,184
388: 466,460,1047,180,974,627,1079,202
389: 651,948,1227,283,838,926
390: 1081,221,91,1072
391: 401,450,648,281,470,1037
392: 111,332,635,295
393: 63,612,888,854,779,985
394: 21,106,542,532,1011
395: 784,919,600,523,672
396: 662,1245,98,213,363
397: 516,169,127,973,561
398: 49,1090,331,403,446,660
399: 78,851,184
400: 145,190,970,277,259,379
401: 391,839,450,173,1037
402: 578,1235,168,906,982,61
403: 890,1094,1116,398,331,660
404: 1193,997,322,1080,505
405: 845,1026,175,943,1126
406: 64,279,448,1199,1154,444
407: 631,1152,561,1007,169,621
408: 751,0,1164,119,761,341,496
409: 615,421,486,262,177
410: 163,1217,1236,447,1243,887
411: 318,304,277,379,792,874
412: 94,282,850,328,554
413: 79,1153,1205,1035,908
1239: 154,668,306,185,503,415
415: 367,708,886,185,668,1239
416: 1082,383,715,711,745,468
417: 1035,944,1160,556,1199,1198
418: 539,138,536,124,656,829
419: 824,538,951,837,858,809
420: 672,1173,518,1007,228
421: 135,486,308,602,409,262
422: 365,72,570
423: 1079,202,1042,449,1031,1103
424: 928,23,965,29,232
425: 563,746,665,183,438,307
426: 456,514,461,557,2,298
427: 159,22,1109,500,519,1134
1226: 478,1232
429: 914,234,144,475,353,721
430: 178,326,167,344,667,377
431: 1058,575,495,688,701,640
432: 500,519,244,1120,1137,1102
433: 819,1052,1066,347,768
434: 923,955,35,986,691,1075
435: 583,607,134,690,663
436: 730,1207,1020,1213,900,630
437: 1138,107,1009,537,1104,748
438: 1111,471,665,425,307,273
439: 1012,618,1210,126,30,727
440: 1170,260,340,589
1242: 673,1141,240,912,639
442: 7,587,160,220,361,351
1189: 540,1023,641,156,198,720
444: 1198,406,279,1199,1059,1020
445: 859,881,546,994
446: 1161,660,49,398,285
447: 690,1243,410,663,813,887
448: 64,406,279,1,487,1154
449: 1134,1042,519,223,1079,423
450: 391,401,839,281,494
451: 696,938,158,701,640,87
452: 1058,575,1159,700,780,132
453: 105,335,820,860,1039
454: 507,534,644,333,347,194
455: 1228,78,1240
456: 733,426,557,755
457: 1156,1092,1099,1003,770,115,1162
458: 112,520,178,103,44,667
459: 706,469,633,48,1225,109
460: 466,388,1047,1096,202,810,214
461: 274,353,557,724,2,426
462: 616,510,996,965,206,945
463: 206,584,510,1195,507,644
1165: 1149,929
1248: 305,1188,339,714,1131
466: 460,388,202,1031,675,810
467: 613,69,1138,1136,1104,806
468: 657,1089,745,48,642,416,715
469: 459,679,706,219,1225,793
470: 164,17,986,1037,648,391
471: 1155,1111,438,273,1061
472: 505,1192,1193,1143
473: 741,863,926,905
474: 821,975,1004,1010,743,45,1194
475: 216,144,122,20,914,429
476: 1203,85,25,236,872,758
477: 117,937,138,536
478: 1226,922,301,731
479: 658,1070,934,882,705,1054
480: 949,76,362,125,150,902
481: 53,513,865,878,759,255
482: 1137,1105,1161,1071,551,580
483: 378,226,635,376,828
484: 619,29,100,732,1025,211
1161: 446,41,660,285,1071,482,1105
486: 135,421,570,72,409,1036
487: 1,915,96,488,64,448
488: 487,915,96,808,1197,605
1236: 1217,410,669,625,54
1216: 503,682,1146,1179,196
1224: 52,966,234,274,721,129
492: 344,511,290,837,608,951
493: 963,166,695,203,1218,93
494: 137,861,982,450
495: 1058,431,688,316,65,1121
496: 58,341,408,0,540,641
1181: 1087,554,94,62
498: 753,1214,677,836,86,375
1187: 631,709,732,619,1029,941
500: 432,519,1109,1102,427,1134
501: 814,832,270,356,49
1219: 597,558,778,260,357,1000
503: 889,1216,196,185,154,1239
504: 3,15,28,1050,85,742
505: 472,1193,404,322,338,1143
506: 615,860,177,1039,664
507: 454,644,333,584,463,1132
508: 214,573,176,645,767,632,517
509: 1040,10,891,252,684,821,1010
510: 462,616,1130,1195,206,463
511: 344,492,667,103,586,608
512: 340,1119,861,999,37
513: 70,761,865,1177,341,878,481
514: 733,426,298,774,1145,1027
515: 89,1186,1126,1163,1038,175
516: 397,169,898,171,127,207,1040,10
517: 568,643,508,573,352,632,224
518: 973,561,1007,614,420,1173
519: 500,432,244,223,427,1134,449
520: 112,458,165,261,831,178
521: 1166,1152,941,616,1130
1195: 818,1125,510,1130,463,644
523: 269,600,364,395,672,1173
524: 669,246,54,1088,528,790
525: 1028,1147,1078,73,971,233,1139
526: 4,617,212,702,913,354
527: 936,149,1167,225,773,345
528: 984,1088,606,95,524,790
529: 31,152,102,940,11,981
530: 750,871,114,928,386,795
531: 43,271,338,902,291,958
532: 1123,1116,1011,542,288,394
1220: 604,27,747,884,1146,680
534: 454,644,1125,819,347
535: 196,185,237,886
536: 418,138,477,937,656,659
537: 299,1009,437,107
538: 824,419,951,162,988
539: 418,138,124,771
540: 1189,1023,641,0,558,496
541: 652,43,946,136
542: 674,288,1054,21,394,532
543: 893,738,1223,9,163,1217
544: 104,950,240,912,933
545: 1012,618,765,1001,1066,1085
546: 881,852,445,323,994
1175: 1215,280,1222,1158,932,676
548: 712,1204,4,617,213,98
549: 20,299,599,122
550: 225,1110,696,938,916,1060
551: 1057,580,1056,1071,1067,482
1244: 1218,93,921
553: 925,802,978,983,142
554: 1176,731,1087,1181,94,412
555: 884,841,699,747
556: 689,681,1154,1199,944,417
557: 274,461,243,129,456,426
558: 597,1219,0,540,1023
559: 833,981,33
560: 672,784,296,267,228
561: 973,518,1007,397,169,407
562: 750,871,306,189,857
563: 746,581,425,1127,307,649
564: 249,236,904,84,735,843
565: 892,665,1111
566: 988,6,172,21,106,162
567: 585,368,899,251,978,736
568: 24,643,517,573,971,233,224
1192: 472,1193
570: 135,486,422,72
571: 925,802,824,80,789
572: 361,913,730,7,968,900
573: 508,214,176,1016,1077,568,517,224
574: 47,268,1205,791,278,374
575: 1058,431,452,147,640,700
576: 1082,715,1059,1089,1207,337
577: 300,311,610,624
578: 697,402,989,1235,168,728
579: 57,1178,816,317,1101
580: 551,1057,482,1137,244,1015
581: 563,746,1114,1127
582: 629,699,646
583: 598,435,134,273,1061
584: 206,823,463,507,909,1132
585: 368,567,736,38,1221
586: 358,103,511,1214,348,608
587: 442,7,337,160,1089
588: 781,262,328,602,301,1176
589: 340,1119,440,260,751,597
590: 8,874,792,205,653
1230: 912,639,355,685,666
592: 1019,1051,1045,947,195,757,957
593: 927,99,118,1135,194,1024,126
1185: 786,1132,1100,909,1167,1110
1246: 1097,1196,1022,350,67
1223: 543,893,1114,9
597: 1219,558,589,260,751,0
598: 873,583,831,165,1061
599: 122,885,826,549
600: 364,1222,523,395,676,919
601: 964,787,1238,367,895,76
602: 81,308,301,421,262,588
603: 711,605,745,75,1050
604: 296,27,1220,32,1025,680
605: 711,603,1197,75,96,488
606: 124,95,771,528,801,790
607: 435,873,663,215,217
608: 677,837,586,511,492,1214
1164: 408,751,783,1119,119,266
610: 147,311,1034,577,815,624
611: 384,109,657,160,74
612: 393,63,246,854,108,250
613: 467,734,69,1136,153
614: 693,846,1173,973,518
615: 409,1036,506,860,177
616: 462,510,1130,521,996,941
617: 4,526,212,213,548,283
618: 1012,439,545,1085,192,1210
619: 484,29,732,1187,1029
620: 376,828,866,55,1018,729
621: 1166,169,171,407,1152
622: 53,897,1021,924,799,59
623: 905,651,1233,800
624: 815,610,577
625: 669,1236,1070,108,882
626: 216,719,144,673,240,950
627: 974,1112,180,71,1079,388,1047
628: 904,84,720,713,263
629: 699,747,582,170,27
630: 315,900,1213,436,1044,883
631: 407,709,1187,1152,1007
632: 352,1065,645,767,508,643,517
633: 742,48,642,28,459,706
634: 1018,116,297,686,1178,1101
635: 295,376,483,392,332
1194: 818,1125,975,474,743,1002
637: 254,647,956,241,805,961
1232: 1048,1226
639: 1230,912,1242,355,97
640: 147,87,451,701,431,575
641: 540,1189,58,496,713
642: 742,633,48,745,468
643: 568,24,517,352,632,1124
644: 507,534,454,1125,1195,463
645: 675,810,767,146,508,1065,632
646: 1158,932,582
647: 254,247,637,1231,386,241
648: 755,380,281,470,164,391
649: 134,307,563,1127,690,803
650: 5,256,320,953
651: 948,389,1233,926,905,623
652: 541,961,229,830,186
653: 205,1227,8,590,948,121
1204: 548,712,816,883,315,57
655: 136,229,864
656: 829,788,1141,418,536,659
657: 468,1089,48,611,109
658: 479,1070,887,325,813,705
659: 744,536,937,656,1141
660: 446,1161,41,398,890,403
661: 789,1157,931,1129,210
662: 1245,396,863,363,1237,741
663: 813,215,690,447,435,607
664: 704,248,506,781,177
665: 565,892,183,425,1111,438
666: 1230,685,939
667: 344,511,458,178,430,103
668: 306,1239,415,367,895
669: 524,246,625,54,1236,108
670: 133,293,166,265
671: 339,227,36,714,1053,835
672: 560,420,1173,523,395,784
673: 744,1242,626,719,240
674: 542,705,172,329,1054,21
675: 645,810,767,466,146,1031,901
676: 919,1175,600,1222,1158
677: 837,858,608,498,1214,375
678: 1006,143,263,257,84,249
679: 706,469,1203,25,219,385
680: 1146,211,604,1220,1025
681: 689,1154,556,1139,1064,1028
682: 884,841,1146,196,237,1216
683: 131,954,1183,227,36,843
684: 509,891,252,901,1103,821,1010,723
685: 360,939,355,834,1230,666
686: 1190,297,55,794,1018,634
1210: 910,192,439,618,727,152,312
688: 782,316,264,701,431,495
689: 681,556,1028,47,268,944
690: 803,447,1243,134,649,435,663
691: 1150,1075,923,434,1172,191
692: 1093,770,115,1069,974,1112,1072
693: 614,92,1073,1117,127,139,973
694: 1055,1209,773,993,345,68
695: 493,963,793,203,1225,384,187
696: 451,938,550,1060,1034,87
697: 578,989,52,806,69,728
1188: 305,1248,1131,385,293,133
699: 629,747,582,555
700: 815,147,575,452,780
701: 688,264,451,158,640,431
702: 361,913,304,351,526,354
1241: 219,385,293,963,166
704: 248,862,664,157,359
705: 674,325,658,479,329,1054
706: 459,679,469,28,1203,633
707: 1182,1159,132
708: 415,367,886,787
709: 631,1187,1007,732,267,228
710: 121,1240,1149,1233,800,929
711: 605,603,745,96,416,383
712: 548,1204,315,968,4
713: 759,263,58,641,628
714: 339,671,1053,1248,1131
715: 1082,416,576,468,1089
716: 172,856,167,329,6,377
717: 352,1065,840,1033,1128,208
718: 179,323,869,990,209,276
719: 216,626,726,885,673,744
720: 904,628,1189,198,131
721: 274,353,234,429,1224
1184: 1095,1106,230,848,1151,959
723: 45,840,684,146,901,1010
724: 104,950,461,353,2
725: 983,804,142,140,1229,343
726: 117,937,885,826,744,719
727: 917,30,439,1210,31,152,312
728: 243,129,52,697,578,168
729: 1018,116,113,295,376,620
730: 1207,436,7,337,900,572
731: 1176,554,478,1048,1087
732: 267,1025,709,1187,484,619
733: 456,514,755,1145,164,17
734: 613,69,820,1084,989,155
735: 339,227,843,564,236,758
736: 16,38,842,899,585,567
1183: 954,683,942,1017,844,36
738: 543,893,969,1088,1217,54
1227: 205,653,212,283,948,389
740: 336,1124,1085,24,1001,1078,253
741: 473,662,863,1237
742: 633,642,1050,504,28
743: 45,1033,474,1194,1002
744: 659,673,726,937,719
745: 711,603,642,416,468
746: 563,581,425,183
747: 629,699,27,1220,555,884
748: 966,1104,1009,437,914,234
1198: 444,1108,1199,417,1160
750: 871,530,562,114,875
751: 408,0,1164,589,1119,597
752: 1091,113,111
753: 498,1214,348,86
754: 23,823,945,795,822,1049
755: 380,648,243,733,456,164
1174: 855,1168,1032,56,976,1107
757: 760,75,957,1051,1197,592
758: 305,236,735,339,476,25
759: 713,263,255,58,878,481
760: 757,75,957,763,1050,3
761: 70,513,119,408,341,878
762: 866,33,55,794,19,11
763: 760,957,195,847,46,3
1168: 855,1032,1174,1064,1,915
765: 1128,1001,208,1066,545
1229: 269,846,343,804,725,1073
767: 675,645,810,508,214,176,632
768: 347,1024,433,1066,1012
769: 256,990,357,209,1000,998
770: 1093,115,692,457,1092,1056,1162
771: 124,606,95,539
1240: 121,710,1149,1228,455
773: 314,1209,694,149,527,345
774: 258,298,514,350,1027
775: 1062,222,877,1046
776: 1245,317,174,1234,289
777: 1234,174,60,1091
778: 260,179,1219,990,357
779: 801,854,829,788,393
780: 132,452,815,700
781: 262,588,328,177,248,664
782: 688,316,264,980,917,284,181
783: 37,811,1119,266,1164
784: 395,919,560,672,296,32
785: 881,852,282,979,369
786: 1185,1132,333,99,118,1110
787: 601,1238,367,708
788: 656,829,1141,779,97
789: 661,925,571,34,210
790: 801,854,528,606,524,246
791: 268,574,278,336,1147,253,977
792: 205,354,304,411,590,874
793: 963,695,469,219,1225
794: 762,55,19,79,1190,686
795: 822,928,23,754,530
796: 1045,199,947,924,845,967,59
797: 864,77,1055
798: 161,1030,974,1081,91,1047,1096
799: 195,847,59,622,1021,947
800: 929,1233,710,623
801: 790,854,779,124,606,829
802: 553,809,925,571,824
803: 690,1243,1127,9,649,163
804: 983,725,292,34,1229,1073
805: 271,956,125,637,961
806: 52,966,1104,467,69,697
807: 65,833,866,33,226,828
808: 915,488,1041,1051,1197,855
809: 802,858,824,419,302
810: 675,645,767,466,460,1096,214
811: 783,37,839,266
1213: 1108,436,1020,1044,630
813: 325,663,215,447,658,887
814: 832,501,270,939,1097
815: 624,700,610,780
816: 1204,57,579,317,98
1233: 651,948,710,623,800
818: 1125,1195,1194,975,1130
819: 433,1052,1002,1125,534,347
820: 1084,734,860,453,155,105
821: 474,1004,1010,509,10,891,684
822: 1231,795,754,1049
823: 206,584,945,754,1049,909
824: 538,419,80,809,802,571
825: 238,992,310,242,63,888
826: 599,885,117,726
827: 1095,1037,173,230,955
828: 376,620,807,866,483,226
829: 656,788,124,418,801,779
830: 961,652,254,1140,186,314
831: 598,873,165,520,178,326
832: 814,501,356,40,360,939
833: 807,65,559,181,981,316,33
834: 355,985,888,238,360,685
835: 1053,1017,671,36
836: 309,899,86,498,251,375
837: 677,858,608,492,419,951
838: 863,283,363,926,389
839: 401,450,173,811
840: 723,45,1033,146,1065,717
841: 555,682,884,237
842: 736,16,309,899
843: 735,227,904,131,683,564
844: 1017,942,5,1183
845: 405,924,967,1026,1126,796
846: 269,1229,614,1073,1173
847: 799,195,1021,1006,46,763
848: 1038,191,1151,230,923,1184
1173: 672,420,846,523,614,518
850: 282,412,369,328,248,862
851: 148,387,184,399
852: 881,785,546,193,327
1172: 1068,201,691,1150,1163,191
854: 801,790,779,246,393,612
855: 1168,1174,976,1041,915,808
856: 716,167,329,217,325,215
857: 956,241,362,871,562,189
858: 677,837,419,302,375,809
859: 445,979,62,881
860: 1036,506,615,820,453,1039
861: 137,1211,494,999,37,512
862: 704,248,369,850,920,359
863: 838,363,926,662,741,473
864: 797,229,655
865: 513,1177,1026,53,897,481
866: 33,762,55,807,620,828
867: 1049,1100,247,936
1205: 47,574,1035,908,374,413
869: 994,323,718,276
1237: 289,662,1245,741
871: 750,530,562,386,857,241
872: 249,236,143,15,476,85
873: 598,607,831,326,217
874: 18,590,184,411,379,792
875: 114,972,889,154,750
876: 1145,35,1027,1180,1075,1115
877: 1062,222,775,1046,1076,1005,51,303
878: 58,341,513,761,481,759
1222: 600,364,1221,197,1215,1175,676
1243: 690,803,447,163,410
881: 785,852,546,979,859,445
882: 934,108,250,625,479,1070
883: 991,1044,315,630,57,204,1204
884: 555,682,841,747,1220,1146
885: 599,122,826,726,216,719
886: 415,708,535,185
887: 658,1070,447,410,813
888: 393,63,985,834,238,825
889: 503,1179,972,875,154
890: 1171,1094,403,1122,41,660
891: 509,684,821,1010
892: 565,665,183
893: 543,738,1223,969
1171: 890,1122,41,88,987,931
895: 189,949,367,668,306,601
1221: 1222,197,38,585,1215
897: 53,622,865,924,1026
898: 516,171,1040,10
899: 836,309,251,736,842,567
900: 315,968,630,730,436,572
901: 146,1031,1103,684,675,1010,723
902: 150,338,480,125,271,531
1203: 476,85,25,28,679,706
904: 84,720,628,131,564,843
905: 623,926,651,473
906: 105,335,402,1235,982,137
1162: 1083,1069,457,1099,770,115
908: 940,19,374,1205,79,413
909: 1049,1100,823,584,1185,1132
910: 253,192,1210,278,152,102
1206: 
912: 240,1230,639,1242,544
913: 361,702,572,968,4,526
914: 234,429,20,1009,475,748
915: 1,487,488,808,855,1168
916: 938,158,118,1135,550,1110
917: 30,284,727,31,782,181
1180: 67,876,1027,1098,1115
919: 395,676,784,600,1158,170,32
920: 1212,359,193,862,369
921: 39,1244,190,93
922: 478,81,301
923: 230,955,434,691,191,848
924: 845,897,622,796,59
925: 553,802,571,789,983,34
926: 863,838,651,389,473,905
927: 1135,593,126,30,284
928: 424,23,232,114,530,795
929: 800,710,1149,1165
930: 1045,199,235,200,1019
931: 88,1129,1157,1171,1122,661
932: 646,1158,280,1175
933: 104,544,952
934: 882,250,242,479,42,1054
1211: 137,861,335,382,999
936: 149,527,867,1100,1167
937: 117,477,726,536,659,744
938: 451,696,158,916,550
939: 360,685,666,814,832
940: 908,19,374,11,529,102
941: 996,1029,1187,1152,521,616
942: 334,953,5,954,1183,844
943: 959,175,1151,1177,405,1026
944: 1035,417,689,556,47
945: 206,823,462,23,965,754
946: 958,43,541,136
947: 1045,796,799,195,59,592,957
948: 651,389,1233,653,1227,121
949: 189,895,76,480,362
950: 724,544,626,144,240,353
951: 538,419,492,988,290,837
952: 933,258,1196
953: 334,942,998,256,650,5
954: 131,683,1183,334,942,198
955: 230,923,434,986,1037,827
956: 857,241,362,125,637,805
957: 760,757,763,947,195,592
958: 946,43,531,291
959: 943,1184,1106,1151,1177,1026
1215: 66,280,1175,38,1222,1221
961: 652,830,254,637,805
962: 1169,1109,1013,1117,22,139
963: 493,166,695,793,219,1241
964: 601,1238,76,997,1080
965: 424,23,996,1029,462,945
966: 52,1224,1104,806,748,234
967: 845,1126,1113,199,796
968: 315,900,913,572,712,4
969: 984,1088,893,738
970: 145,400,1249,187,277
971: 73,233,224,568,24,525,1078
972: 232,114,875,1179,100,889
973: 561,518,614,92,693,127,397
974: 627,1112,1072,692,91,388,1047,798
975: 474,1004,1166,1130,818,1194
976: 56,200,1043,1019,1041,855,1174
977: 253,336,791
978: 251,302,553,368,567,142
979: 94,282,62,881,785,859
980: 782,264,284
981: 833,559,181,31,529,11,33
982: 61,402,906,137,494
983: 804,725,142,553,925,34
984: 1206,969,1088,528,95
985: 355,97,834,393,888
986: 470,17,1037,35,955,434
987: 88,272,1171,41,1120,1105
988: 566,6,290,538,951,162
989: 697,578,1235,734,69,155
990: 769,357,209,778,179,718
991: 1144,1044,883,188,204
992: 238,825,40,310
993: 311,1060,345,68,1034,694
994: 869,546,445,323
1197: 1051,757,75,488,808,605
996: 1029,941,462,616,965
997: 404,964,1238
998: 334,953,156,256,769,1000
999: 286,1074,382,861,1211,512
1000: 769,357,1219,1023,998,156
1001: 1128,765,1124,740,1085,545
1002: 819,1052,743,1033,1125,1194
1003: 1099,1098,1022,1156,457
1004: 821,975,474,10,1166
1005: 89,1186,1076,877,51,1113
1006: 143,46,678,1021,257,847
1007: 561,518,420,228,631,407,709
1008: 1134,1042,159,207,1040,252
1009: 20,299,537,437,914,748
1010: 821,474,509,891,684,901,723,45
1011: 532,1116,106,394,1094
1012: 439,618,545,1066,768,126
1013: 292,210,1117,1169,962
1014: 50,1016,56,1107,233,224
1015: 180,223,71,1057,580,244
1016: 1014,50,1077,573,176,224
1017: 844,1183,36,835
1018: 116,729,634,55,686,620
1019: 1041,1051,592,930,1045,976,200
1020: 1207,436,1059,444,1213
1021: 53,622,257,255,799,847,1006
1022: 1246,67,1156,1003
1023: 540,1189,558,1000,156
1024: 347,768,194,99,593,126
1025: 732,267,604,296,680,211,484
1026: 405,845,943,959,865,1177,897
1027: 1145,876,774,514,1180,350
1028: 1147,525,689,681,1139,268
1029: 996,941,1187,619,29,965
1030: 161,798,1096,1046,214,176
1031: 901,1103,423,202,466,675
1032: 1168,1174,1064,1107,73,1139
1033: 743,45,840,717,1052,1002,208
1034: 993,311,1060,696,147,87,610
1035: 944,417,1160,47,1205,413
1036: 615,860,72,486,1084
1037: 470,986,391,401,955,827
1038: 1163,191,848,175,1151,515
1039: 157,382,506,860,453
1040: 509,10,252,207,1008,516,898
1041: 1019,1051,976,200,855,808
1042: 1134,1008,449,423,252,1103
1043: 56,976,200,222,235,303,50
1044: 991,1144,883,1213,1108,630
1045: 930,199,796,947,1019,592
1046: 1062,222,877,775,161,1030,176,1077
1047: 460,388,1096,974,627,91,798
1048: 1232,731,1087
1049: 867,1100,909,754,823,822
1050: 760,75,3,504,603,742
1051: 1019,1041,1197,592,757,808
1052: 433,819,1002,1033,208,1066
1053: 835,671,714,1131
1054: 42,288,479,934,674,542,705
1055: 186,1209,694,68,797,77
1056: 551,1057,1067,1092,1093,770
1057: 551,580,1056,1093,1015,71
1058: 431,575,495,452,1121,1159
1059: 1082,576,279,444,1207,1020
1060: 993,345,1034,550,225,696
1061: 26,165,1155,471,273,598,583
1062: 222,877,775,1046,1081,346,1076,161
1063: 1068,201,101,1083,1148
1064: 1168,1032,1,681,1154,1139
1065: 352,717,632,146,645,840
1066: 765,208,433,1052,768,1012,545
1067: 1142,1071,1086,1092,551,1056
1068: 1172,1063,201,1163,1191,1148
1069: 101,1083,1162,115,692,1072,221
1070: 658,479,887,625,882
1071: 285,1142,1067,1161,482,551
1072: 974,1112,692,1069,221,390,91
1073: 693,804,292,1117,846,1229
1074: 286,999,1212,340
1075: 691,1150,1115,35,876,434
1076: 346,1191,1186,1005,1062,877
1077: 50,1016,222,1046,573,176
1078: 1147,525,24,971,336,740
1079: 423,202,180,223,627,449,388
1080: 150,322,964,76,404
1081: 221,390,91,346,161,798,1062
1082: 416,383,715,576,1059,279
1083: 101,1069,1162,1099,1133,1063,201
1084: 820,72,319,734,1036
1085: 740,1001,618,545,253,192
1086: 1156,1092,270,1142,1067
1087: 1181,1048,554,731
1088: 984,969,528,738,524,54
1089: 657,468,715,576,337,587
1090: 49,398,331,356
1091: 752,116,113,60,777
1092: 1086,1156,457,1067,1056,770
1093: 770,115,692,1057,1056,71,1112
1094: 890,403,1122,1116,1011
1095: 827,1184,1106,173,230,381
1096: 460,1047,1030,798,810,214
1097: 1246,1196,814
1098: 1099,1133,1003,1180,1115
1099: 1133,1098,1003,457,1083,1162
1100: 867,1049,909,1185,936,1167
1101: 317,174,60,579,1178,634
1102: 1169,1109,272,1120,500,432
1103: 1031,901,1042,423,252,684
1104: 966,806,748,1138,437,467
1105: 482,1120,1137,1161,41,987
1106: 1095,1184,381,959,70,1177
1107: 73,233,1014,56,1032,1174
1108: 1198,1213,1160,1144,1044
1109: 1169,962,1102,500,22,427
1110: 1167,550,225,786,1185,118,916
1111: 1155,471,438,565,665
1112: 974,627,1072,1093,692,180,71
1113: 235,51,89,1126,1005,967,199
1114: 1127,9,581,1223
1115: 1150,1075,1180,876,1133,1098
1116: 1123,532,1011,331,1094,403
1117: 292,1013,962,693,1073,139
1118: 1138,107,1136
1119: 340,589,512,783,751,1164
1120: 1137,1105,987,272,1102,432
1121: 378,226,1159,65,1058,495
1122: 1171,890,1094,1157,931
1123: 532,1116,288,310,331
1124: 740,352,24,643,1128,1001
1125: 818,1195,1194,819,1002,534,644
1126: 89,515,175,405,845,967,1113
1127: 1114,9,563,581,649,803
1128: 765,1001,208,352,717,1124
1129: 88,931,272,661,210,1169
1130: 616,510,1166,521,975,818,1195
1131: 714,1053,1248,1188,133
1132: 786,1185,584,507,333,909
1133: 1099,1098,1150,1115,1083,201
1134: 1008,1042,449,500,519,159,427
1135: 927,118,593,284,158,916,264
1136: 153,1247,1138,1118,467,613
1137: 482,1120,1105,580,432,244
1138: 437,107,1118,1136,1104,467
1139: 681,73,1032,1064,1028,525
1140: 149,254,247,830,314
1141: 656,788,659,1242
1142: 285,1071,1067,270,1086
1143: 291,322,338,505,472
1144: 991,1044,1160,1108,1153,188
1145: 35,876,1027,733,514,17
1146: 680,211,1179,1220,682,884,1216
1147: 1028,525,1078,336,268,791
1148: 346,1191,101,1068,1063,221
1149: 710,1240,929,1165
1150: 691,1075,1115,1133,1172,201
1151: 1038,848,175,1184,943,959
1152: 631,407,621,521,941
1153: 79,413,188,1160,1144,1190
1154: 681,556,1064,1,406,448,1199
1155: 1111,471,26,1061
1156: 1086,457,1092,1022,1003
1157: 182,80,1122,661,931
1158: 646,932,170,1175,676,919
1159: 378,1121,1058,452,132,1182,707
1160: 1035,417,1198,1108,1153,1144
1249: 74,220,187,970