0: 408,751,597,558,496,540
1: 487,915,64,372,1064,1168
2: 724,104,461,258,514,1075
3: 757,1197,760,763,1041,1019
4: 617,526,968,913,548,712
5: 650,942,953,844
6: 988,566,377,172,716,290
7: 442,587,702,361,1089
8: 18,590,1228,653,121,948
9: 1114,1127,543,1223,803,163
10: 1040,207,252,898,891,516,509,684
11: 33,762,794,981,609,559
1209: 186,1055,773,314,694
1214: 753,498,586,348,677,608
14: 1015,244,324,580
15: 872,257,143,249,1006,1041,85
16: 736,38,842,66
17: 955,434,470,986,164,35
18: 8,590,184,1228,874
19: 609,908,940,79,1160,794
20: 299,537,122,549,914,475
21: 394,106,172,674,329,566
22: 1169,962,1117,1109,1008,427
23: 424,928,965,945,754,795
24: 740,1124,568,643,73,971
25: 219,385,1203,305,679
26: 165,261,1155
27: 604,1220,32,170,629,747
28: 1203,872,85,504,679,706
29: 484,619,1029,232,424,965
30: 980,917,126,1135,1210,284
31: 981,181,727,464,529,980,917
32: 604,296,27,170,784,919
33: 11,762,807,559,866,828
34: 292,1013,789,210,804,925
35: 1191,1083,1172,164,17,434
36: 683,1183,1017,227,671,835
37: 783,512,1184,1095,839
38: 736,16,585,66,1215,1221
39: 921,190,259,148
40: 360,834,666,685,1022,355
41: 1071,1067,1161,890,1105
42: 288,310,1054,934,242
43: 271,531,541,946,958
44: 112,458,358,103
45: 743,1033,1010,723,840,474
46: 257,143,847,763,947,799
47: 1035,417,1205,83,944,574
48: 657,109,468,642,742,633
49: 501,1099,446,832,1142,285
50: 56,1014,877,235,303
51: 303,1113,1062,1126,845,1005
52: 728,129,966,1224,697,274
53: 1045,897,865,255,481
54: 1088,543,738,1217,669
55: 1190,1160,762,794,620,1018
56: 50,767,1014,235,224,233,1043
57: 991,579,204,816,883,1204,712
58: 713,496,341,759,878,641
59: 263,622,255,799,847
60: 116,1178,777,111,113,752
61: 281,494,168,402,380,982
62: 1181,979,94,859
63: 393,1003,612,250,242,888
64: 487,1,96,1064,448,279
65: 807,833,316,495,1121,226
66: 1215,280,16,38
67: 1086,939,1156,1162,1069
68: 300,311,1055,993,694,77
69: 806,697,613,734,578,989
70: 119,266,381,1106,761
71: 1112,180,1093,1056,244,870,1057
72: 422,319,1036,570,1084,820
73: 233,1107,568,224,24,525,971,849
74: 970,351,160,384,611,442
75: 1050,603,711,488,1197,605
76: 949,964,1080,150,480
77: 797,1055,300,68
78: 399,1228,455
79: 1153,413,1160,1205,908,19
80: 571,802,824,1157
81: 308,602,301,922
1231: 386,795,822
83: 47,595,689,944,574,268
84: 904,720,628,678,622,1021,564
85: 1041,1019,28,872,15,504
86: 836,309,753,498
87: 147,640,1034,451,696,1060
88: 987,272,1120,890,1137,1105
89: 756,775,1148,346,1076,1062,515
1218: 93,265,166,493
91: 627,798,1112,974,1096,214
92: 614,693,139,561,518,973
93: 1218,493,921
94: 412,282,979,554,1181,62
95: 606,771,528,984
96: 605,487,64,711,279,383,745
97: 1097,639,788,912,489,1141
98: 396,816,548,1204,317
99: 916,118,593,333,194,786
100: 232,972,211,484,889,1179
101: 1191,691,201,221,1077,853
102: 940,152,278,374,464,529
103: 358,586,458,44,667,511
104: 724,544,2,933,258
105: 335,155,615,860,453
106: 21,1011,394,566,162,182
107: 1138,437,1009,537
108: 669,246,625,612,882,250
109: 657,48,633,459,1225,611
1196: 1133,933,1156,1230,834,666,952
111: 113,752,60,392
112: 520,458,44,261
113: 111,295,729,60,116,392
114: 232,972,424,928,750,530
115: 1081,1072,1069,770,457,390
116: 60,1178,1018,729,113
117: 477,726,937,826
118: 284,916,593,99,927,158
119: 70,266,408,1151,761,341
120: 192,768,342,545
121: 948,710,8,1228
122: 599,885,549,20,216,475
123: 169,397,127,159,898,516
124: 606,771,418,539,801
125: 271,805,362,956,902,480
126: 30,1024,1210,439,284,593
127: 159,1008,139,973,123,397
128: 977,336,740,1128,1078,1001
129: 243,728,52,274,557,426
1217: 163,625,410,543,54,669
131: 954,683,843,198,904,720
132: 780,452,1159,707
133: 1131,1188,670
134: 307,1061,649,690,583,435
135: 1036,570,421,308
136: 655,541,946
137: 861,1211,982,906,335
138: 418,539,536,477
139: 92,693,1117,127,1008,973
140: 368,197,142,983,725,343
141: 1109,1102,500,432,703,894
142: 140,368,978,553,983
143: 257,46,763,1041,15
144: 216,626,429,475,950,353
145: 190,400,203,187,970,220
146: 645,1065,675,723,684,901,840
147: 640,87,700,610,1034,575
148: 851,39,259,387
149: 936,527,867,247,1140,314
150: 902,338,322,480,76,1080
151: 365,319,153
152: 312,910,278,791,464,102
153: 365,319,151,613,467
154: 668,306,875,185,503,415
155: 1084,734,860,989,105
156: 334,998,198,1000,1189,1023
157: 382,453,177,359,286
158: 451,938,264,916,118,927
159: 127,349,1008,427,207,123,516
160: 657,715,611,442,587,74
161: 974,221,1046,287,390,1081,692
162: 988,566,106,538,182
163: 1217,410,9,543,803,447
164: 470,1027,1172,1145,35,17
165: 26,261,598,831,520
166: 963,695,493,293,265,1218
167: 430,377,326,217,215,716,856
168: 578,402,243,728,380,61
169: 245,171,123,397,898,621
170: 1158,919,629,27,32
171: 245,169,898,821,485,621,1194
172: 716,856,329,566,6,21
173: 391,839,1037,450,401
174: 317,777,776,1091
175: 1076,848,943,515,1126,405
176: 756,775,877,1016,547,222,1014
177: 157,453,664,615,248,704
178: 430,667,326,831,520,458
179: 852,323,327,1170,778,990
180: 1112,71,244,519,223,627
181: 31,981,980,782,833,559
182: 1122,162,1011,106
183: 746,425,438,665
184: 18,387,851,399
185: 196,535,503,415,886,154
186: 1055,1209,314,652,229,830
187: 695,384,793,970,145,203
188: 1190,686,1153,1160,297
189: 895,949,362,306,562,857
190: 145,400,203,39,921,259
191: 230,955,434,691,1186,923
192: 120,1210,439,768,342,1085,545
193: 1212,920,369,862,785,327
194: 534,1024,330,333,454,593,99
195: 947,957,799,796,1045,199
196: 535,185,237,682,503,1216
197: 140,368,585,343,1222,1221
198: 334,156,1189,720,131,954
199: 930,967,465,796,195,957,592
200: 930,1005,1113,976,907,772
201: 876,722,1081,1072,1191,1083,101,221
202: 466,1031,388,449,1079,798,423
203: 145,190,187,695,493
204: 991,57,579,297,816,686
205: 792,653,212,590,1227
206: 823,754,584,616,945
207: 10,1040,499,894,349,159,427,516
208: 414,717,366,1128,1012,765,1001
209: 256,990,769,718,320,276
210: 789,661,931,1013,34,1129
211: 1146,680,484,1179,100
212: 617,526,205,283,1227
213: 838,363,548,617,396
214: 1016,1096,547,91,798,388,508
215: 813,607,217,167,856,325
216: 626,719,144,122,885,475
217: 873,607,215,326,167
1212: 920,193,1074,1170,440,327
219: 293,385,25,679,469,963
220: 970,351,145,318,277
221: 161,1046,201,722,1081,1191,101,1077
222: 1016,547,176,877,508,573,767,1014
223: 449,519,244,180,627,1079
224: 568,517,643,810,767,56,233,73
225: 1167,550,527,773,345,1060
226: 378,483,1121,807,65,828
227: 735,339,671,683,843,36
228: 267,709,560,420,631
229: 652,186,655,864
230: 191,955,1038,1068,1186
1234: 289,662,776
232: 114,972,100,484,29,424
233: 1107,73,767,56,568,224,1043
234: 914,429,1224,748,274,721
235: 303,1113,50,56,976,1043
236: 735,339,1006,476,758
237: 196,535,682,841
238: 825,992,360,356,832,501
239: 545,765,1001,880
240: 673,626,1097,544,950
241: 857,956,871,386,647,637
242: 934,250,63,42,310,888
243: 728,129,168,755,497,380
244: 1015,324,14,870,580,1057,71,180,519,223
245: 171,169,397,407,1007,1152,621
246: 669,524,108,854,612
247: 647,1140,822,867,149
248: 781,262,664,177,850,704
249: 564,1006,257,1021,15
250: 934,612,882,242,108,63
251: 302,978,375,836,899,567
252: 1042,1103,10,1040,509,684
253: 312,910,977,880,342,1085
254: 647,637,1140,961,830
255: 53,481,759,59,263
256: 769,209,320,953,998,650
257: 143,847,46,1021,249,15
258: 952,350,514,104,2,933
259: 379,387,190,400,39,148
260: 1170,440,778,589,597,1219
261: 26,165,112,520
262: 781,588,248,602,409,664
263: 59,678,622,713,759,255
264: 451,158,701,927,1135,688
265: 670,293,166,1218
266: 119,70,381,783,1151
267: 732,709,228,560,296,1025
268: 278,574,791,552,595,83
269: 846,1229,364,523
270: 551,285,1098,1056,1057
271: 43,531,125,805,902
272: 88,987,1120,931,1129
273: 307,1061,438,425,471
274: 557,721,234,1224,52,129
1191: 35,1083,691,101,201,434,221
276: 320,869,718,209
277: 379,220,400,318,411
278: 374,574,268,791,152,102
279: 448,406,444,64,96,383
280: 66,1215,1175,932
281: 494,61,450,648,380,391
282: 412,979,94,1039,850,506
283: 838,617,212,389,1227
284: 118,593,927,30,126,1135
285: 270,551,1098,1099,49,1071,1142
286: 999,1074,157,382,359,920
287: 161,974,1046
288: 42,310,1054,1090,542,532
289: 1234,662,741
290: 344,492,951,377,988,6
291: 1143,338,531,958
292: 1013,34,1117,804,1073,693
293: 219,385,265,670,963,166
294: 1194,975,474,743,1002,818
295: 376,729,332,392,635,113
296: 604,32,1025,784,560,267
297: 991,204,1153,1044,188,686
298: 350,514,774,1150
299: 20,537,549
300: 311,68,77,577
301: 81,602,922,588,1176
302: 251,978,375,858,809
303: 235,1113,51,877,1062,50
304: 318,411,354,792
305: 758,1188,1203,476,385,25
306: 154,668,875,562,189,895
307: 134,1061,273,563,425,649
308: 81,602,135,421
309: 836,899,86,842
310: 42,288,1090,242,825,888,992
311: 300,68,993,610,1034,577
312: 253,152,910,1085,727,464
1228: 8,18,78,121
314: 186,773,1209,1140,149,527,830
315: 968,572,900,1020,630,883
316: 688,782,65,833,495
317: 1101,174,816,98,776
318: 304,411,220,351,1089,277
319: 365,72,151,153,1084
320: 276,256,209,650
1193: 1080,404,1192,964
322: 150,338,1080,404,505,1143
323: 179,546,852,718,990
324: 1015,244,14,580,519
325: 856,813,215,658,329,705
326: 178,430,167,831,873,217
327: 179,852,1212,193,785,1170
328: 1176,554,781,588,850,412
329: 674,705,172,856,325,21
330: 194,1024,593
331: 403,532,1123,1090,398,660
332: 392,635,295,1182
333: 507,454,194,786,1132,99
334: 942,953,998,156,198,954
335: 906,105,382,453,137
336: 552,128,977,1078,1147
337: 587,576,715,730,1207
338: 150,902,322,531,1143,291
339: 735,227,671,236,714,758
340: 589,1119,1164,1074,440
341: 58,496,119,408,878,761
342: 192,120,768,1085,545,880,253
343: 1222,364,140,197,725,1229
344: 511,492,290,430,667,377
345: 993,694,1060,225,773
346: 1148,1077,853,1030,756,775,89
347: 534,1024,918,819,433,618,439,768
348: 358,586,753,1214
349: 159,1008,427,207
350: 258,952,514,298,774,1162
351: 970,74,220,442,1089,318
352: 632,645,1065,643,717,1124
353: 724,950,144,429,461,721
354: 702,913,1089,304,526
355: 1141,985,639,834,40,1022
356: 446,832,398,1090,238,992
357: 990,769,1000,778,1219
358: 103,586,348,44
359: 594,704,862,157,286,920
360: 685,40,1022,238,825,501
361: 702,730,7,572,900
362: 189,949,857,956,480,125
363: 863,213,838,662,396,741
364: 600,343,1222,269,1229,523
365: 422,319,151,153
366: 414,208,717,1033,1052,1012,765
367: 415,708,668,601,787,895
368: 140,567,197,142,585,978
369: 193,506,862,1039,785
1225: 384,611,793,459,469,109
1207: 730,436,1059,1082,576,337
372: 1064,1032,1168,1139,1,681
1199: 1213,1198,556,406,444,417,1059
374: 278,574,1205,908,940,102
375: 251,302,498,677,858,836
376: 866,295,729,828,483,635
377: 430,167,716,344,290,6
378: 483,1121,226,1159,1182,707,635
379: 277,259,387,874,400,411
380: 755,497,648,243,168,281,61
381: 70,266,811,783,827,1163
382: 157,453,335,286,999
383: 1082,416,745,96,711,279,444
384: 1225,611,793,187,970,74
385: 219,293,25,305,1188
386: 1231,871,530,241,647
387: 259,379,851,148,184
388: 466,202,1079,798,214,460,508
389: 926,1227,863,838,283
390: 770,457,115,1081,1093,692,161
391: 173,648,281,450,401,1027
392: 332,295,111,113
393: 63,1003,854,779,612
394: 21,1011,106,674,542,532,1123
395: 676,784,919,600,672,523
396: 662,98,548,213,363
397: 245,169,123,127,973,407
398: 356,446,1090,403,331,1067
399: 78,851,184
400: 145,190,277,259,379
401: 470,1027,986,173,391,1037
402: 168,578,906,989,61,982
403: 331,1123,398,660,1161,1067
404: 1080,1193,1192,322,505,472
405: 924,845,1026,175,943,1126
406: 448,279,444,556,1199
407: 561,973,1007,245,397
408: 751,0,1151,119,496,341
409: 664,486,421,262
410: 163,1217,625,447,1070,887
411: 318,304,277,379,874,792
412: 282,94,554,328,850
413: 79,1153,1108,1035,1205,908
414: 208,717,366,840,1065,1033
415: 367,708,886,185,154,668
416: 1082,576,383,745,642,468
417: 1035,47,944,556,1198,1199
418: 539,138,536,124,656
419: 824,538,951,837,858,809
420: 561,518,1007,1173,228,631
421: 135,1036,308,602,409
422: 365,72,570
423: 1042,1103,449,1134,1031,202
424: 928,23,965,29,232,114
425: 563,746,183,438,471,307,273
426: 456,1075,557,129,755
427: 349,159,1008,22,1109,207,894
1226: 478,1232,1048
429: 914,234,475,144,353,721
430: 178,667,377,326,167,344
431: 495,575,1058,701,688,640
432: 141,1102,500,703,580,519,1134
433: 1012,819,1066,618,347,534
434: 191,955,17,1191,35,691
435: 663,607,134,690,583
436: 730,1207,1059,1213,900,1020
437: 1138,107,1136,1009,1104,748
438: 892,665,565,183,425,471,273
439: 192,1210,768,347,1024,918,126
440: 1170,260,1074,1212,340,589
441: 808,1051,488,605,487,915
442: 587,7,160,74,351,1089
443: 1112,692,974
444: 406,279,1082,383,1199,1059
445: 859,994,881
446: 356,832,398,49,1142,1067
447: 803,690,163,410,663,887
448: 406,279,1064,64,1154,556
449: 519,1134,223,1079,423,202
450: 281,494,173,391,839,1095
451: 696,938,158,701,264,640,87
452: 780,132,700,575,1058,815
453: 157,382,177,615,335,105
454: 507,333,463,644,819,534,194
455: 1149,78
456: 426,1075,733,1150
457: 770,1092,390,1086,1069,115
458: 112,520,44,178,667,103
459: 679,706,469,633,109,1225
460: 810,508,573,547,466,1047,388
461: 557,721,724,2,353,1075
462: 996,1029,521,616,965,945
463: 507,454,1195,644,584
464: 31,727,529,152,312,102
465: 930,199,957,907,1051,592
466: 1031,1047,202,388,675,460,508
467: 806,613,1136,153,1104
468: 657,715,48,642,416,576
469: 459,679,219,1225,793,963
470: 401,1027,986,164,1145,17
471: 1155,1111,438,565,425,273
472: 505,404,1192
473: 741,863,926,905
474: 1194,294,1010,821,743,45
475: 914,429,122,20,216,144
476: 1203,872,1006,236,305,758
477: 117,937,138,536
478: 731,922,1226
479: 658,1070,934,882,705,1054
480: 150,902,949,76,362,125
481: 878,513,759,53,865,255
482: 764,1137,1105,1015,580,703
483: 378,226,376,828,635
484: 619,29,211,232,100
485: 621,1166,171,1194,975,1004
486: 409,664,615,820,860
487: 605,915,1,64,96,441
488: 757,1197,1051,441,605,75
489: 912,1097,97
1216: 503,1179,682,1146,196
1224: 1104,966,748,234,274,52
492: 344,511,951,290,837,608
493: 166,695,93,1218,203
494: 281,61,450,861,982,1095
495: 431,1058,688,316,65,1121
496: 58,341,408,0,540,641
497: 755,380,243
498: 753,1214,677,836,86,375
499: 1040,207,894
500: 141,432,1134,1040,894,1042
501: 49,1115,238,360,685,832
1219: 597,558,260,778,357,1000
503: 889,1216,196,185,154
504: 742,633,85,1019,28,706
505: 472,404,322,1143
506: 850,704,862,282,1039,369
507: 333,454,463,584,909,1132
508: 460,573,798,547,214,222,466,388
509: 1010,891,10,252,723,684
510: 521,616,1004,1130,1195
511: 344,492,667,103,586,608
512: 37,1184,1211,1119
513: 878,761,481,1177,1106,865
514: 258,350,2,1075,298
515: 1062,1126,1148,1076,175,89
516: 898,891,159,10,207,123
517: 568,643,224,1047,810,767,632
518: 420,561,846,614,92,1173
519: 449,1134,223,244,324,580,180,432
520: 112,458,165,261,831,178
521: 616,510,1004,941,1166,996,462
1195: 1130,644,510,584,463
523: 672,1173,600,364,269,395
524: 669,246,1088,528,790,854
525: 971,849,1139,73,1078,698,1147,1028
526: 4,617,212,354,913
527: 936,149,1167,225,773,314
528: 606,95,984,1088,524,790
529: 31,981,464,609,940,102
530: 750,871,114,928,386
531: 43,271,902,338,291,958
532: 331,1123,542,288,1090,394
1220: 604,27,747,884,1146,680
534: 347,194,1024,819,433,454
535: 196,185,237,886
536: 418,138,477,937,656,659
537: 20,299,1009,107
538: 824,419,951,988,162
539: 418,138,124,771
540: 1189,1023,641,0,558,496
541: 961,652,43,946,136,655
542: 674,288,1054,394,532
543: 893,738,1223,9,54,163,1217
544: 724,104,950,240,1097,933
545: 765,239,618,1001,880,192,120,768,342
546: 852,323,881,994,869,718
547: 1016,214,222,176,460,508,573
548: 1204,712,4,617,98,396,213
549: 599,122,20,299
550: 1167,225,1110,696,938,1060
551: 270,285,1071,764,1015,1057
552: 977,336,1147,910,268,791
553: 571,802,142,983,925
554: 1176,328,1181,412,94
555: 884,841,699,747
556: 1154,944,448,406,417,1199
557: 274,461,721,129,426,1075
558: 597,1219,0,1000,540,1023
559: 807,833,981,181,11,33
560: 672,1173,784,296,267,228
561: 420,518,973,407,1007,92
562: 750,871,306,875,189,857
563: 746,425,581,1127,307,649
564: 249,1006,904,84,843,1021,735
565: 438,892,665,1111,471
566: 988,6,162,172,21,106
567: 368,585,899,251,978,736
568: 517,643,224,233,73,24,971
1192: 404,1193,472
570: 135,1036,422,72
571: 553,802,80,789,1157,925
572: 315,968,900,702,913,361
573: 810,460,508,547,222,767,1014
574: 278,374,268,47,1205,83
575: 431,1058,147,640,700,452
576: 1082,416,715,468,1207,337
577: 624,610,300,311
578: 168,402,697,69,728,989
579: 57,204,816,634,686,1101
580: 1015,244,324,14,482,432,703,519
581: 563,746,1114,1127
582: 629,699,646
583: 598,873,134,1061,435
584: 206,823,1195,507,463,909
585: 368,567,197,736,38,1221
586: 358,103,348,511,1214,608
587: 442,7,337,715,160
588: 781,262,602,301,1176,328
589: 340,1164,440,260,751,597
590: 8,18,874,792,205,653
1230: 1097,639,834,1196,933
592: 757,760,465,199,957,1051
593: 284,118,99,194,1024,330,126
594: 704,862,359
595: 1147,1028,689,268,83
1223: 543,893,1114,9
597: 1219,558,589,260,751,0
598: 831,873,583,1061,165
599: 122,885,549,826
600: 1222,364,395,676,523
601: 997,787,964,367,895
602: 81,308,301,421,262,588
603: 642,1050,75,711,745
604: 296,27,1220,32,1025,680
605: 487,96,441,488,75,711
606: 124,95,771,528,801,790
607: 435,663,813,215,217
608: 677,837,586,511,492,1214
609: 19,940,981,529,11,794
610: 147,700,1034,311,577,624
611: 1225,384,657,109,160,74
612: 250,246,108,854,393,63
613: 806,69,467,153,734
614: 92,693,846,1073,518
615: 664,486,860,105,453,177
616: 521,510,996,462,945,206
617: 4,526,212,548,213,283
618: 545,765,1012,433,347,768
619: 484,29,732,1029
620: 762,55,866,729,1018
621: 485,1166,245,171,169,1152
622: 59,678,263,84,847,1021
623: 905,651,1233,800
624: 577,815,700,610
625: 1217,410,669,108,1070
626: 216,719,144,673,240,950
627: 91,1079,798,1112,180,974,223
628: 84,720,713,1189,641,678
629: 699,747,582,170,27
630: 1144,1044,315,1020,991,883
631: 941,1187,420,1007,709,228
632: 645,352,1047,675,810,517,643
633: 742,504,459,706,109,48
634: 1190,686,579,1178,1018,1101
635: 332,378,483,295,376,1182
1194: 975,474,294,171,821,485
637: 254,647,956,241,805,961
1232: 1048,1226
639: 1097,1230,97,1141,355,834
640: 147,87,451,701,431,575
641: 540,1189,58,713,496,628
642: 603,742,416,745,468,48
643: 568,517,224,632,352,1124,24
644: 1125,1195,819,454,463
645: 632,352,1065,146,1047,675,901,840
646: 1158,932,582
647: 254,247,637,386,241
648: 755,733,380,281,1027,391
649: 803,690,563,1127,134,307
650: 5,256,320,953
651: 926,1233,905,623
652: 541,961,229,830,186
653: 205,8,590,1227,948
1204: 548,712,57,816,98
655: 136,541,229,864
656: 829,788,418,536,659
657: 109,715,468,48,160,611
658: 479,1070,887,813,325,705
659: 912,744,536,937,656,788
660: 1161,1094,403,331,1123,1116
661: 789,1157,210,1171,931
662: 396,776,363,289,1234
663: 435,813,607,447,690,887
664: 409,486,615,262,248,177
665: 438,892,565,183
666: 834,685,40,1196,1133,1115
667: 178,430,458,103,344,511
668: 154,306,415,367,895
669: 524,246,108,54,1217,625
670: 265,133,293
671: 339,227,36,1053,835,714
672: 560,1173,523,395,784
673: 912,744,240,626,719
674: 542,329,705,1054,21,394
675: 466,1031,1047,901,632,645,146
676: 395,919,1175,600,1158
677: 837,858,608,498,1214,375
678: 263,622,713,84,628
679: 459,706,469,1203,28,219,25
680: 1146,211,604,1220,1025
681: 689,1154,1139,372,1064,1028
682: 884,841,1146,196,237,1216
683: 131,954,843,1183,36,227
684: 723,901,10,252,1103,1010,509,146
685: 360,666,40,501,1115
686: 188,634,1190,579,204,297
1210: 192,439,1085,917,30,126
688: 782,316,1135,701,264,495,431
689: 681,1154,944,595,1028,83
690: 649,803,447,134,435,663
691: 1191,101,191,434,853,923
692: 1112,443,1093,770,390,1081,161,974
693: 614,92,139,292,1117,1073
694: 993,345,1055,773,1209,68
695: 187,963,166,493,793,203
696: 451,938,550,1060,87
697: 806,69,966,728,52,578
698: 1147,1028,525
699: 629,747,582,555
700: 147,610,575,624,815,452
701: 451,264,688,640,431
702: 354,913,361,1089,7,572
703: 141,1102,432,482,1137,580
704: 594,850,506,862,359,248,177
705: 674,329,658,479,325,1054
706: 459,679,28,633,504
707: 1182,1159,378,132
708: 415,367,886,787
709: 732,267,228,631,1187
710: 121,1233,1149,800,929
711: 603,75,605,96,383,745
712: 548,883,1204,968,57,4
713: 58,759,641,678,263,628
714: 758,1188,339,671,1053,1131
715: 657,468,160,576,587,337
716: 172,856,377,167,6
717: 414,208,366,352,1065,1128,1124
718: 869,546,323,990,209,276
719: 216,626,726,885,744,673
720: 904,84,628,1189,198,131
721: 274,461,557,234,429,353
722: 201,1081,221
723: 684,901,840,1010,509,146,45
724: 104,544,2,950,353,461
725: 983,804,140,343,1073,1229
726: 117,937,826,885,744,719
727: 31,464,1085,312,917
728: 243,52,129,697,168,578
729: 866,295,376,620,116,1018,113
730: 1207,436,337,900,361
731: 478,1048,1176,1087
732: 267,709,1025,619
733: 755,648,456,1145,1027
734: 155,1084,613,69,989
735: 339,227,236,843,564
736: 16,38,842,899,567,585
737: 985
738: 543,893,969,1088,54
1227: 389,212,205,653,283
740: 1128,1124,24,1078,971,128
741: 473,863,363,289
742: 633,504,1019,642,1050,48
743: 1033,45,1052,1002,474,294
744: 659,912,673,726,937,719
745: 1082,416,383,96,642,603,711
746: 563,183,425,581
747: 629,699,27,1220,555,884
748: 1104,1224,1009,437,914,234
1198: 1213,1199,1035,417,1108,1144
750: 871,530,562,114,972,875
751: 408,0,1151,589,1164,597
752: 111,60,777,1091
753: 498,1214,348,86
754: 206,823,23,945,795
755: 497,648,733,380,243,426
756: 176,775,89,1030,346,1016
757: 592,3,488,1197,760,1051
758: 305,714,339,236,476
759: 58,713,878,481,255,263
760: 592,757,3,947,957,763
761: 878,513,119,70,1106,341
762: 11,33,794,620,55,866
763: 143,46,947,3,760,1041
764: 482,1105,1071,551,1015
765: 545,239,618,1001,208,366,1012
1229: 269,1073,725,343,364
767: 56,1014,222,810,573,517,224,233
768: 192,120,439,342,545,618,347,918
769: 256,990,357,209,1000,998
770: 1056,457,1092,390,115,1093,692
771: 124,606,95,539
772: 808,907,200,976,855
773: 1209,314,527,225,345,694
774: 1180,1162,350,298,1150,1063
775: 176,756,89,877,346,1062
776: 662,317,174,1234
777: 1101,174,60,1178,752,1091
778: 1170,260,179,1219,990,357
779: 801,790,854,829,393
780: 452,132,815
781: 262,588,248,328,850
782: 688,316,980,1135,181,833
783: 37,1184,839,811,266,381
784: 395,919,560,672,296,32
785: 881,1039,193,369,852,327
786: 1185,1132,333,916,99,1110
787: 601,997,367,708
788: 656,829,659,912,1141,97
789: 661,210,571,925,34
790: 801,854,779,606,528,524
791: 278,268,552,152,910
792: 205,304,411,874,590
793: 1225,384,469,187,963,695
794: 11,762,609,19,1160,55
795: 1231,928,23,754
796: 924,1045,897,967,199,195
797: 864,77,1055
798: 91,627,1079,214,202,388,508
799: 195,947,1045,59,847,46
800: 929,710,1233,623
801: 790,779,124,606,829
802: 553,809,571,80,824
803: 649,447,690,1127,9,163
804: 983,725,925,292,34,1073
805: 271,125,956,637,961
806: 697,613,69,467,1104,966
807: 65,833,559,33,226,828
808: 907,772,1051,441,855,915
809: 802,858,824,419,302
810: 460,573,1047,767,632,517,224
811: 839,1037,783,827,381
1213: 1198,1199,436,1059,1144,1020
813: 663,607,215,658,887,325
814: 1086,939,1099,1115,1098,1092
815: 624,700,780,452
816: 57,579,204,1204,317,1101,98
1233: 948,710,651,623,800
818: 1125,1130,975,294,1002
819: 1066,433,1125,644,454,347,534
820: 486,860,72,1036,1084
821: 898,1010,891,171,1194,474
822: 1231,867,1049,247
823: 206,754,584,1049,909
824: 538,419,809,802,80
825: 238,888,992,1003,310,360,1022
826: 117,726,599,885
827: 1038,1163,811,1037,381
828: 866,376,807,33,483,226
829: 656,788,801,779
830: 961,652,254,1140,186,314
831: 598,873,165,520,178,326
832: 356,446,238,501,49
833: 807,65,559,181,782,316
834: 666,40,355,1230,639,1196
835: 1053,36,1017,671
836: 309,899,86,498,251,375
837: 677,858,608,492,951,419
838: 863,213,363,283,389
839: 173,811,1037,450,783,37,1095
840: 723,901,645,1065,146,1033,45,414
841: 555,682,884,237
842: 736,16,309,899
843: 131,683,904,564,735,227
844: 1017,942,5,1183
845: 405,924,1126,51,967,1005
846: 269,614,1173,518
847: 257,46,1021,59,622,799
848: 959,943,1068,1186,175
849: 525,971,1139,1107,73,1032
850: 704,506,781,248,328,412,282
851: 148,387,184,399
852: 179,546,323,327,881,785
853: 1148,1077,346,691,101,923
854: 790,779,524,246,612,393
855: 1174,976,808,772,1168,915
856: 172,716,325,215,167,329
857: 956,241,871,562,189,362
858: 677,837,419,302,375,809
859: 445,979,62
860: 486,615,820,155,1084,105
861: 137,1211,982,494,1095
862: 594,704,506,359,920,193,369
863: 838,363,926,389,741,473
864: 797,229,655
865: 53,897,1177,513,481,1026
866: 376,729,828,33,762,620
867: 1049,1100,822,247,936,149
1205: 1035,47,374,574,908,79,413
869: 718,994,546,276
870: 244,1057,71
871: 750,530,562,386,857,241
872: 1203,28,476,15,1006,85
873: 598,831,583,217,326
874: 379,411,792,18,590
875: 154,306,889,972,750,562
876: 201,1072,1180,1063,1083
877: 176,775,222,1062,50,1014,303
878: 513,761,481,58,341,759
1222: 600,343,1221,364,197
880: 977,545,239,1001,342,253
881: 785,445,994,546,852
882: 934,250,108,479,1070
883: 712,630,315,968,991,57
884: 555,682,841,747,1220,1146
885: 599,122,726,826,216,719
886: 415,708,535,185
887: 658,1070,447,410,663,813
888: 825,242,63,1003,310
889: 503,1179,972,100,875
890: 1161,1094,41,88,987,1105
891: 898,1010,821,516,509,10
892: 438,665,565
893: 543,738,1223
894: 1040,207,499,141,1109,500,427
895: 189,949,367,668,306,601
1221: 1222,38,197,585,1215
897: 53,1045,865,924,1026,796
898: 821,891,516,10,171,169,123
899: 836,309,251,736,842,567
900: 315,572,1020,730,436,361
901: 723,684,840,1103,1031,675,645,146
902: 150,338,480,271,531,125
1203: 28,872,476,305,679,25
904: 84,720,131,843,564
905: 623,651,926,473
906: 335,989,402,137,982
907: 808,772,1051,930,200,465
908: 19,940,374,1205,79,413
909: 1049,1100,823,584,507,1132
910: 253,152,312,552,977,791
1206: 
912: 659,744,673,489,788,1097,97
913: 354,702,968,572,4,526
914: 234,429,475,20,1009,748
915: 487,1,855,808,441,1168
916: 118,99,927,786,1110,938,158
917: 980,30,1210,1085,31,727
918: 347,1024,439,768
919: 395,676,784,1158,170,32
920: 1212,193,862,359,286,1074
921: 39,93,190
922: 478,81,301
923: 1186,1076,691,191,1148,853
924: 405,845,1026,796,897,967
925: 983,804,553,571,789,34
926: 651,389,863,473,905
927: 284,916,118,1135,158,264
928: 424,23,114,530,795
929: 800,710,1149,1165
930: 967,200,1005,465,199,907
931: 987,272,661,210,1171,1129
932: 646,1158,280,1175
933: 1196,1230,104,544,258,952
934: 882,250,242,479,42,1054
1211: 137,861,999,512
936: 149,527,867,1100,1185,1167
937: 117,477,726,536,659,744
938: 451,696,158,916,550,1110
939: 1086,67,814,1133,1156,1115
940: 609,908,19,102,374,529
941: 631,1187,1152,1166,996,521
942: 334,953,5,954,1183,844
943: 848,959,1177,175,405,1026
944: 689,1154,556,47,417,83
945: 23,965,462,616,206,754
946: 958,43,541,136
947: 195,957,799,46,763,760
948: 121,1233,653,8
949: 189,895,76,362,480
950: 724,544,353,240,626,144
951: 492,290,988,837,538,419
952: 258,350,1196,933,1156
953: 334,942,998,256,650,5
954: 131,683,1183,334,942,198
955: 230,191,17,434,986,1038
956: 857,241,362,637,125,805
957: 195,947,465,199,592,760
958: 946,43,531,291
959: 848,943,1177,1106,1163,1068
1215: 66,280,1175,38,1221
961: 541,652,830,254,637,805
962: 1169,1129,22,1013,1117
963: 166,695,469,219,293,793
964: 601,997,76,1080,1193
965: 424,23,945,29,1029,462
966: 1104,1224,806,697,52
967: 930,1005,199,924,845,796
968: 315,572,913,883,712,4
969: 984,1206,1088,738
970: 74,220,351,384,187,145
971: 525,849,568,73,740,24,1078
972: 232,114,100,889,875,750
973: 561,407,92,139,127,397
974: 161,1046,287,1112,443,692,91,627,1096
975: 1194,294,485,1004,818,1130
976: 1174,855,1043,235,1113,200,772
977: 552,128,336,880,1001,253,910
978: 251,302,368,567,142
979: 282,94,1039,62,859
980: 917,30,1135,31,181,782
981: 31,181,529,609,559,11
982: 137,861,402,906,494,61
983: 804,725,925,553,140,142
984: 1206,969,1088,95,528
985: 1141,355,1003,737,1022
986: 470,401,1037,955,17,1038
987: 88,272,931,1094,890,1171
988: 566,6,162,951,290,538
989: 906,69,155,734,578,402
990: 769,357,209,778,179,323,718
991: 57,204,297,630,1044,883
992: 238,825,310,1090,356
993: 345,694,1060,1034,311,68
994: 445,881,546,869
1197: 757,3,488,1050,75
996: 1029,462,941,1187,521,616
997: 601,787,964
998: 334,953,156,256,769,1000
999: 286,382,1211
1000: 769,357,1219,558,1023,998,156
1001: 545,765,239,208,1128,128,977,880
1002: 743,1052,294,818,1125,1066
1003: 393,63,985,825,888,1022
1004: 521,510,485,1166,975,1130
1005: 930,967,200,845,1113,51
1006: 249,564,236,872,476,15
1007: 420,561,407,245,631,1152
1008: 127,349,159,427,1117,22,139
1009: 537,437,107,914,748
1010: 821,891,509,723,684,474,45
1011: 394,106,1123,182,1116
1012: 1066,433,1052,208,366,765,618
1013: 292,34,1117,210,962,1129
1014: 50,767,56,222,176,877,573
1015: 244,324,14,580,1057,551,482,764
1016: 1096,547,214,222,1030,176,756
1017: 844,1183,36,835
1018: 116,1178,620,634,55,1190,729
1019: 1041,85,3,1050,742,504
1020: 315,900,1213,436,630,1144
1021: 257,847,622,84,249,564
1022: 360,40,1003,985,355,825
1023: 540,1189,558,1000,156
1024: 347,534,194,330,918,439,593,126
1025: 604,296,732,267,680
1026: 405,924,943,1177,897,865
1027: 470,401,164,648,733,1145,391
1028: 698,1147,595,525,1139,689,681
1029: 996,462,1187,619,29,965
1030: 1046,1077,346,1016,1096,756
1031: 466,202,675,1103,423,901
1032: 372,1168,1107,1174,849,1139
1033: 743,45,1052,840,414,366
1034: 147,87,610,993,1060,311
1035: 47,417,1205,1198,413,1108
1036: 135,570,421,72,820
1037: 173,839,811,401,986,1038,827
1038: 827,1163,1068,986,1037,230,955
1039: 282,979,506,369,785
1040: 10,207,499,894,500,1042,252
1041: 85,1019,143,763,3,15
1042: 252,1103,423,500,1134,1040
1043: 1174,976,56,235,233,1107
1044: 630,1144,1153,1108,991,297
1045: 53,897,796,195,799
1046: 161,974,221,287,1030,1077,1096
1047: 466,675,810,460,632,645,517
1048: 1232,731,1226,1087
1049: 867,1100,909,823,822
1050: 603,75,1197,1019,742
1051: 808,907,441,465,592,757,488
1052: 743,1033,1002,366,1012,1066
1053: 835,671,714,1131
1054: 42,288,479,934,674,542,705
1055: 186,1209,694,797,77,68
1056: 770,1092,270,1098,1057,71,1093
1057: 1015,244,870,270,551,1056,71
1058: 495,431,575,1159,1121,452
1059: 1207,436,444,1082,1213,1199
1060: 993,345,550,225,696,87,1034
1061: 134,307,273,1155,598,583
1062: 515,1126,775,89,877,303,51
1063: 1172,1150,1180,774,876,1083
1064: 372,1,64,681,1154,448
1065: 645,352,146,840,414,717
1066: 1012,819,433,1052,1002,1125
1067: 1071,1142,41,403,446,398,1161
1068: 1038,1163,230,1186,848,959
1069: 1180,1086,67,457,115,1072
1070: 658,479,887,625,410,882
1071: 1142,41,1067,551,285,764,1105
1072: 876,115,201,1081,1180,1069
1073: 1229,804,725,292,614,693
1074: 286,1212,920,340,440
1075: 426,456,2,461,557,514
1076: 1186,923,175,1148,89,515
1077: 853,346,101,221,1046,1030
1078: 740,525,971,128,336,1147
1079: 627,798,449,223,202,388
1080: 404,1193,964,76,150,322
1081: 115,201,722,1072,390,692,161,221
1082: 416,576,383,745,444,1207,1059
1083: 1191,35,1172,1063,876,201
1084: 155,734,319,72,820,860
1085: 192,1210,342,253,312,917,727
1086: 939,67,814,1069,457,1092
1087: 1181,731,1048
1088: 984,969,54,738,528,524
1089: 354,702,442,7,351,318
1090: 288,310,992,532,331,356,398
1091: 777,174,752
1092: 1056,770,457,1086,814,1098
1093: 1112,71,692,1056,770,390
1094: 660,1161,890,1116,1171,987
1095: 37,494,450,861,839
1096: 1016,214,974,1046,1030,91
1097: 1230,97,639,912,489,240,544
1098: 270,285,1099,814,1056,1092
1099: 49,1115,814,285,1098
1100: 867,1049,909,1185,1132,936
1101: 317,777,634,579,816,1178
1102: 141,1109,432,703,1120,1137,1169
1103: 1042,252,423,1031,684,901
1104: 966,1224,748,437,1136,806,467
1105: 482,764,1137,890,1071,41,88
1106: 959,1177,1163,70,513,761
1107: 233,73,1174,1043,849,1032
1108: 1153,413,1035,1198,1144,1044
1109: 141,1102,1169,22,427,894
1110: 1167,550,786,1185,916,938
1111: 1155,471,565
1112: 71,180,443,1093,692,974,91,627
1113: 235,303,51,200,1005,976
1114: 1127,9,581,1223
1115: 501,1099,666,685,1133,939,814
1116: 1122,1011,1123,660,1094,1171
1117: 292,1013,962,22,693,139,1008
1118: 1138,1136
1119: 340,1164,512,1184
1120: 88,272,1137,1169,1129,1102
1121: 378,226,65,495,1058,1159
1122: 182,1116,1157,1171
1123: 403,532,331,1011,394,1116,660
1124: 740,1128,24,352,643,717
1125: 818,1130,644,1002,819,1066
1126: 1062,515,175,405,845,51
1127: 1114,9,563,581,649,803
1128: 740,1124,208,717,1001,128
1129: 1169,962,210,272,1120,931,1013
1130: 818,1125,1195,975,510,1004
1131: 133,1053,714,1188
1132: 786,1185,507,333,1100,909
1133: 1196,1156,666,1115,939
1134: 449,519,500,432,1042,423
1135: 980,30,284,927,264,688,782
1136: 1138,437,1118,1104,467
1137: 482,1105,88,1120,1102,703
1138: 437,107,1136,1118
1139: 525,849,372,1032,1028,681
1140: 254,247,149,830,314
1141: 985,355,788,97,639
1142: 1071,1067,446,49,285
1143: 291,338,322,505
1144: 630,1044,1213,1198,1108,1020
1145: 1172,1150,733,470,1027,164
1146: 680,211,1220,682,884,1216,1179
1147: 698,595,1028,1078,525,552,336
1148: 853,346,923,1076,89,515
1149: 455,710,929,1165
1150: 1172,1063,1145,456,298,774
1151: 408,751,1184,1164,119,266
1152: 941,1007,245,621,1166
1153: 79,413,1160,1108,1044,188,297
1154: 689,681,944,556,1064,448
1155: 1111,471,1061,26
1156: 1196,1133,952,939,67,1162
1157: 661,1171,1122,571,80
1158: 646,932,170,1175,676,919
1159: 1058,378,1121,132,707
1160: 79,1153,19,794,188,55,1190
1161: 660,1094,890,403,41,1067
1162: 1180,774,1156,350,67
1163: 1038,827,1068,381,959,1106
1164: 340,589,1119,1184,751,1151
1165: 1149,929
1166: 485,621,941,1152,521,1004
1167: 550,225,1110,1185,936,527
1168: 372,1032,1174,855,915,1
1169: 962,1129,22,1120,1109,1102
1170: 440,260,778,1212,179,327
1171: 1157,661,1122,1116,1094,987,931
1172: 1150,1063,1145,164,35,1083
1173: 560,672,523,846,420,518
1174: 976,855,1043,1107,1032,1168
1175: 1215,280,1158,932,676
1176: 554,328,301,731,588
1177: 959,943,1106,513,1026,865
1178: 60,116,1018,634,777,1101
1179: 889,1216,1146,211,100
1180: 774,1162,1069,1063,876,1072
1181: 1087,554,94,62
1182: 707,378,332,635
1183: 954,683,36,942,1017,844
1184: 783,512,37,1119,1164,1151
1185: 786,1132,1100,936,1167,1110
1186: 923,1076,230,191,1068,848
1187: 631,941,709,996,1029
1188: 305,714,1131,133,385
1189: 540,1023,641,156,198,720,628
1190: 188,634,55,686,1160,1018