0: 408,751,597,558,496,540
1: 372,1168,1064,487,915,64
2: 724,104,461,258,1075
3: 592,1019,757,760,763
4: 548,712,968,526,617,213
5: 650,942,953,844
6: 988,566,377,172,716,290
7: 442,587,351,702,361,1089
8: 18,590,1228,653,121,948
9: 1114,1127,1223,543,803,163
10: 1040,207,252,1010,891,516,509
11: 762,794,981,609,807,559
1209: 186,1055,314,694,773,68
1214: 753,498,586,348,677,608
14: 1015,244,324
15: 872,257,1006,249,85,143
16: 736,38,842,66
17: 986,955,164,470,434,35
18: 8,590,184,874,1228
19: 609,908,940,79,794,1160
20: 299,1009,122,549,475,914
21: 394,106,172,674,329,566
22: 1169,962,1109,894,349,1008,427
23: 424,928,965,945,754,795
24: 740,1124,568,643,73,971
25: 219,385,1203,305,679
26: 165,261
27: 604,1220,32,170,629,747
28: 1203,872,85,504,706
29: 484,619,1029,232,424,965
30: 917,980,284,927,1135
31: 981,529,181,727,464,1085
32: 604,296,27,170,784,919
33: 762,620,807,226,828,866,376
34: 292,1013,571,789,210,925
35: 434,1077,691,1191,164,17
36: 1017,683,1183,227,671,835
37: 512,494,861,1095,450,839
38: 736,16,585,66,1215,1221
39: 921,190,259,148
40: 355,985,1022,360,834,666
41: 1071,1142,1067,890,1105
42: 288,934,242,310,992,1090
43: 271,531,541,946,958
44: 112,458,358,103
45: 743,1033,1010,723,840,474,294
46: 257,799,947,760,143,763
47: 1035,556,1205,83,944,574
48: 742,633,1050,657,468,109
49: 1071,1142,832,446,1098,285
50: 767,56,1014,877,235,303
51: 303,1113,1126,1062,845,1005
52: 243,728,129,966,1224,274
53: 231,897,481,796,255,195,1045
54: 543,738,1088,1217
55: 686,1190,188,1160,620
56: 50,767,235,233,224,1043
57: 816,579,204,991,1204,883
58: 641,496,341,713,878,759
59: 678,263,255,622,1045,799,847
60: 116,1178,777,111,113
61: 281,168,494,402,982
62: 1181,979,859
63: 612,250,1003,888,242
64: 448,279,1,1064,487,96
65: 226,833,316,495,1121
66: 1215,280,16,38
67: 1072,1180,1069,1162,115,1081
68: 797,77,1055,1209,993,694,300
69: 578,402,697,613,989
70: 119,266,381,1163,1106,761
71: 1112,180,1093,1057,1056,1015,244,870
72: 422,319,1036,570,1084,820
73: 233,1107,568,24,525,849,971
74: 970,220,160,384,611,442
75: 1197,603,711,488,1019,757
76: 949,601,964,1080,150,480
77: 797,68,993,300
78: 399,1228,455
79: 1153,413,908,19,188,1160
80: 571,802,824,1157
81: 308,602,301,922
1231: 386,795,822
83: 595,689,944,574,268,47
84: 904,720,628,678,622,1021
85: 1041,143,28,872,15,504
86: 836,309,753,498
87: 147,640,696,451,701,1060
88: 272,890,1120,1137,1105,1102
89: 515,1062,346,1148,775,756
1218: 93,265,166,493
91: 974,1096,1112,180,627,798,214
92: 614,693,846,139,561,518,973
93: 1218,493,921
94: 412,979,554,328,1181
95: 124,606,771,984
96: 605,487,745,711,279,64,383
97: 1097,489,639,788,912,1141,355
98: 396,816,548,1204,317
99: 118,593,194,330,786,333
100: 232,972,211,1179,484,889
101: 1077,691,201,722,161,221,1046,853,569
102: 278,374,152,464,529,940
103: 358,586,458,44,667,511
104: 724,544,2,933,1196,258
105: 335,155,615,860,453
106: 21,1011,566,162,182
107: 1138,437,1009,537
108: 612,250,625,669,246,1070
109: 1225,611,633,48,459,657
110: 849,1107,1032
111: 113,60,777,752
112: 520,458,44,261
113: 111,60,116,392
114: 232,972,424,928,750,530
115: 770,457,1069,67,390,1081
116: 60,1018,729,295,392,113
117: 477,726,937,826
118: 284,916,593,99,927,786,158
119: 70,266,408,1151,761,341
120: 192,342,768,545,880,253
121: 948,710,1149,8,1228
122: 599,885,549,20,216,475
123: 169,397,127,159,898,516
124: 606,95,771,418,801,790
125: 271,805,956,362,902,480
126: 917,1024,1210,439,284,593
127: 349,159,1008,139,123,397
128: 740,1128,1078,1001,336
129: 243,52,274,557,426
1217: 163,625,410,543,54
131: 954,683,198,904,720,843
132: 707,1159,378,780
133: 1131,1188,670
134: 307,1061,649,690,583,435
135: 1036,570,421,308
136: 655,541,946
137: 861,1211,982,906,335
138: 539,536,477
139: 127,1008,92,693,973,397
140: 368,197,142,983,725,343
141: 1109,894,500,703,432
142: 140,368,978,553,983
143: 1041,85,763,257,46,15
144: 216,626,475,429,950,353
145: 190,400,203,187,970
146: 723,840,684,901,1065,645
147: 640,87,610,1060,1034
148: 851,39,387,259
149: 936,1140,867,822,247
150: 902,480,322,338,76,1080
151: 365,319,153
152: 312,910,464,278,102,791
153: 613,467,319,151,734
154: 668,306,875,185,503,415
155: 1084,734,860,989,105
156: 334,998,1189,1023,198
157: 382,453,177,594,359,286
158: 451,264,938,916,118,927
159: 127,349,207,427,123,516
160: 657,715,611,442,74
161: 287,390,201,722,1081,101,221,692
162: 988,566,106,538,182,1122
163: 1217,410,9,543,803,447
164: 1191,1083,470,1145,35,17
165: 26,261,598,831,520
166: 963,695,493,293,265,1218
167: 430,377,326,217,716,215
168: 281,61,380,578,497
169: 407,171,123,397,245,898,621
170: 1158,919,629,27,32
171: 169,898,821,485,621,1194
172: 716,856,329,566,6,21
173: 827,391,450,839,401
174: 317,777,1101,776,752,1091
175: 1148,1076,848,943,515,1126,405
176: 877,775,756,1016,222,547,1014
177: 157,453,664,615,248,704
178: 430,667,326,831,520,458
179: 852,323,1170,778,327
180: 1112,71,244,91,627,1079,223
181: 31,981,1085,980,559,782
182: 1094,1122,1116,162,1011,106
183: 746,425,438,665
184: 18,874,387,851,399
185: 196,535,503,415,886,154
186: 1055,314,1209,229,830
187: 695,384,793,970,145,203
188: 297,55,686,1160,79,1153
189: 895,949,306,562,857,362
190: 145,400,203,39,921,259
191: 434,1077,955,230,853,923
192: 120,1210,342,768,439
193: 1212,920,862,785,369,327
194: 534,1024,330,507,454,333,593,99
195: 947,199,957,1045,53,796
196: 535,185,237,503,1216
197: 140,368,585,343,1222,1221
198: 131,954,1189,334,156,720
199: 195,957,796,930,967,465,817
200: 930,1005,1113,976,907,772
201: 722,1081,161,876,101,691,221
202: 388,1079,798,449,423,466,1031
203: 145,190,187,695,493
204: 57,579,991,634,297,686
205: 792,653,1227,212,590
206: 1195,462,616,510,945
207: 10,1040,499,427,894,349,159,516
208: 414,717,366,1128,239,765
209: 320,276,718,256,990,769
210: 789,661,931,1013,34,1129
211: 1146,680,1179,484,100
212: 283,526,617,354,205
213: 838,363,548,4,283,617,396
214: 508,222,547,91,1096,388,627,798
215: 716,856,217,813,607,167
216: 626,475,144,122,885,719
217: 873,435,607,326,167,215
1212: 920,193,1074,1170,440,327
219: 293,385,25,679,469,963
220: 970,74,351,318,277
221: 974,1096,692,287,201,722,161,101,1046
222: 508,547,214,176,1016,460,573,1014
223: 627,1079,244,180,449,519
224: 233,810,767,56,568,517
225: 1167,550,696,527,345,1060,773
226: 807,833,65,33,1121,828
227: 735,339,671,843,683,36
228: 267,709,560,420,631
229: 652,186,1055,655,864
230: 1038,955,434,191,923,1076
231: 53,897,796
232: 114,972,100,484,29,424
233: 1107,73,224,1043,767,56,568
234: 721,429,914,1009,1224,748
235: 303,1113,50,56,1043,976
236: 1006,564,735,339,476,758
237: 196,535,682,841
238: 825,310,992,360,685,356,501
239: 545,880,765,208,1128,1001
240: 912,673,626,1097,544,950
241: 871,530,386,857,647
242: 42,934,250,63,888,310
243: 728,52,129,497
244: 1015,324,14,870,71,180,519,223
245: 407,169,1007,1152,621
246: 669,524,790,854,108,612
247: 254,647,149,1140
248: 781,262,664,177,850,704
249: 1021,1006,564,257,847,15
250: 108,612,882,63,1070,934,242
251: 302,978,375,836,899,567
252: 1042,1103,10,1040,509,684
253: 312,910,880,977,120,342
254: 647,637,247,961,830
255: 59,263,759,53,481,1045
256: 769,320,209,953,998,650
257: 799,847,46,249,143,15
258: 514,350,104,2,1196,1075
259: 379,387,190,400,39,148
260: 1170,440,778,589,597,1219
261: 26,165,112,520
262: 781,588,248,664,409
263: 59,678,255,622,759,713
264: 451,158,701,927,688,1135
265: 670,293,166,1218
266: 119,70,381,783,1184,1151
267: 732,709,228,1025,560,296
268: 278,574,791,552,83,595
269: 523,1073,1229,846,364,1173
270: 551,1057,1092,285,1086,1098
271: 43,531,125,805,902
272: 987,931,890,1120,88
273: 307,1061,438,425,1155,471
274: 557,721,1224,52,129
275: 1033,414,366
276: 320,209,718,869
277: 411,379,220,400,318
278: 374,574,102,791,268,152
279: 448,406,64,444,96,383
280: 66,1215,1175,932
281: 168,61,380,494,648,391,450
282: 412,979,506,1039,369
283: 212,617,1227,213,838,389
284: 118,593,927,917,30,126
285: 270,551,1098,1071,49,764
286: 999,1074,157,382,359,920
287: 161,221,692
288: 42,934,542,1054,532,1090
289: 662,741
290: 344,492,951,377,988,6
291: 1143,338,531,958
292: 1013,34,804,925
293: 219,385,265,670,963,166
294: 636,975,474,1194,818,743,1002,45
295: 332,392,635,376,729,116
296: 604,32,784,560,267,1025
297: 686,188,1153,1044,204,991
298: 1083,514,456,1172,1063,774
299: 20,1009,537,549
300: 311,993,77,68
301: 81,602,922,588,1176
302: 251,978,375,858,809
303: 235,1113,51,877,1062,50
304: 1089,318,411,792
305: 758,1188,476,385,25
306: 154,668,875,562,189,895
307: 134,1061,273,563,425,649
308: 81,602,135,421
309: 836,899,86,842
310: 238,825,992,888,42,242
311: 300,993,1034,577
312: 727,152,910,464,253,342
1228: 8,18,78,121
314: 186,1209,527,1140,773
315: 968,572,900,1020,630,712,883
316: 688,1135,833,782,65,495
317: 1101,174,816,98,776
318: 1089,304,220,351,277,411
319: 365,422,72,151,153,1084
320: 276,209,256,650
321: 1134,1042,423
322: 150,338,1080,404,505,1143
323: 179,546,852,718,778,990,357
324: 1015,244,14,482,580,519,432
325: 329,705,813,658,479,856
326: 178,430,167,831,873,217
327: 1170,1212,193,785,179,852
328: 1176,554,781,850,412,94
329: 674,325,705,172,856,21
330: 194,1024,593,99
331: 403,532,1123,1090,398,660
332: 295,392,635,1182
333: 786,1132,507,909,194,99
334: 942,953,998,156,954,198
335: 906,105,382,453,137
336: 552,1001,977,128,1078,1147
337: 587,576,715,730,1207
338: 150,902,322,531,1143,291
339: 735,227,671,236,714,758
340: 589,1119,1164,1074,440
341: 58,496,878,119,408,761
342: 192,120,1210,727,312,253,1085
343: 1222,364,140,197,725,1229
344: 511,492,290,430,667,377
345: 993,694,1060,773,1034,225
346: 1030,853,923,1148,756,89,515
347: 1012,819,433,618,918,534
348: 358,586,753,1214
349: 127,159,1008,962,22,207,427
350: 258,514,952,1196,774,1180
351: 220,442,7,1089,318
352: 1065,645,632,643,717,1124
353: 461,557,144,721,429,724,950
354: 702,913,1089,212,526
355: 1141,985,40,639,97,834
356: 501,832,398,446,238,992
357: 990,769,778,323,1219,1000
358: 103,586,348,44
359: 594,704,157,286,920,862
360: 666,685,1022,40,238,825
361: 702,730,587,7,572,900
362: 857,956,189,949,480,125
363: 863,213,838,662,396
364: 600,343,1222,269,523,1229
365: 422,319,151
366: 414,208,1033,1052,275,1012,765
367: 415,708,668,601,787,895
368: 140,567,197,142,585,978
369: 1039,785,506,282,862,193
1225: 384,611,109,793,459,469
1207: 730,436,1059,1082,576,337
372: 1,1032,1168,1064,1139,681
1199: 1213,1198,406,444,417,1059
374: 278,574,102,1205,908,940
375: 251,302,498,677,858,836
376: 866,635,729,33,483,828,295
377: 430,167,716,344,290,6
378: 483,1121,1159,132,707,1182
379: 277,411,387,259,400,874
380: 281,168,755,497,648,391
381: 70,266,1163,811,783,1068
382: 157,453,335,1211,286,999
383: 1082,416,96,745,279,444
384: 1225,611,793,187,970,74
385: 219,293,25,305,1188
386: 1231,530,241,647
387: 379,259,851,148,184
388: 1079,798,202,508,214,466,460
389: 926,283,1227,863,838
390: 1081,161,770,115,1093,692
391: 173,450,648,281,380,1027
392: 332,295,116,113
393: 1003,854,779,737,985
394: 21,1011,674,542,532,1123
395: 676,784,919,600,523,672
396: 662,98,548,213,363
397: 407,169,123,127,139,973
398: 356,446,992,403,331,1090
399: 78,851,184
400: 145,190,277,379,259
401: 470,1027,173,827,986,1037
402: 69,578,906,989,61,982
403: 331,398,446,660,1067,1142
404: 1080,1193,1192,322,505,472
405: 924,845,1026,175,943,1126
406: 448,279,444,556,417,1199
407: 169,397,245,561,973,1007
408: 751,0,1151,119,496,341
409: 664,486,421,262
410: 163,1217,625,447,1070,887
411: 277,379,304,318,792,874
412: 282,979,94,328,850,506
413: 79,1153,1035,1205,908,1108
414: 208,717,366,840,1065,1033,275
415: 367,708,886,185,154,668
416: 1082,576,642,383,745,468
417: 1035,556,406,1198,1199
418: 539,656,124,771,801
419: 824,538,951,837,858,809
420: 561,518,1007,228,631
421: 135,1036,308,602,409
422: 365,319,72,570
423: 1042,1103,449,1134,321,202,1031
424: 928,23,965,29,232,114
425: 563,746,183,438,307,273
426: 456,1075,1150,461,129
427: 1040,207,499,22,1109,894,349,159
1226: 1048,1232,478
429: 721,234,914,475,144,353
430: 178,667,377,326,167,344
431: 495,575,1058,701,688,640
432: 519,1134,580,324,141,500,703
433: 1012,819,347,1052,1002,1066
434: 1077,35,191,955,17,230
435: 663,607,134,690,873,583,217
436: 730,1207,1059,1213,900,1020
437: 1138,107,1136,1009,1104,748
438: 665,565,183,425,471,273
439: 192,1210,768,918,1024,126
440: 1170,260,1212,340,589
441: 808,1051,488,605,915
442: 587,7,160,74,351
443: 1112,1093,974,692
444: 406,279,1082,383,1199,1059
445: 859,881,994
446: 356,832,398,403,1142,49
447: 803,690,163,410,663,887
448: 406,279,64,1064,1154,556
449: 519,1134,1079,223,202,423
450: 173,391,839,281,494,37
451: 264,938,158,701,696,87
452: 575,1058,1159,700,780,815
453: 157,382,177,615,335,105
454: 507,463,644,819,534,194
455: 78,1149
456: 426,1172,1075,1150,514,298
457: 1056,770,115,1069,939,1092
458: 112,520,44,178,667,103
459: 679,706,469,633,1225,109
460: 810,1047,573,388,508,222,466
461: 557,353,724,2,426,1075
462: 996,1029,616,965,945,206
463: 507,584,454,1125,644,1195
464: 727,152,312,102,31,529
465: 930,817,199,957,907,1051,592
466: 1031,675,388,202,460,1047
467: 1136,806,153
468: 657,715,1050,48,416,576,642
469: 459,679,219,1225,793,963
470: 1145,1027,401,164,986,17
471: 1155,1111,438,565,273
472: 505,404,1192
473: 741,863,926,905
474: 294,1194,1010,821,743,45
475: 216,144,122,20,429,914
476: 1203,872,1006,236,305,758
477: 117,937,138,536
478: 731,922,1226,1048
479: 658,882,325,705,1054
480: 150,902,949,76,362,125
481: 53,897,513,865,255,759
482: 580,1137,1105,764,1015,324
483: 378,828,635,376,1182
484: 619,29,211,232,100
485: 621,1166,1004,171,975,1194
486: 820,664,615,409,860
487: 605,915,96,1,1064,64
488: 1051,441,757,605,75,711
489: 1097,97,912
1216: 503,682,1146,1179,196
1224: 966,748,721,234,274,52
492: 344,511,951,290,837,608
493: 166,695,93,1218,203
494: 281,61,861,982,450,37
495: 431,1058,688,316,65,1121
496: 58,641,341,408,0,540
497: 755,243,168,380
498: 753,1214,677,836,86,375
499: 1040,207,427,894
500: 141,894,1134,432,1040,1042
501: 356,832,238,685,1099
1219: 597,558,1000,260,778,357
503: 889,1216,196,185,154,875
504: 742,633,1041,85,28,706
505: 472,404,322,1143
506: 850,704,412,282,862,369
507: 584,454,463,909,194,333
508: 222,547,214,388,798,460,573
509: 723,684,10,252,1010,891
510: 521,616,1004,1125,1130,1195,206
511: 344,492,667,103,586,608
512: 783,37,1184,1095,839,1119
513: 1106,761,865,878,481,759
514: 258,350,456,1075,774,298
515: 89,1126,1062,346,175,1148
516: 898,891,159,10,207,123
517: 568,643,810,1047,632,224
518: 420,561,973,846,92,1173
519: 449,1134,432,580,244,324,223
520: 112,458,165,261,831,178
521: 616,510,941,1166,1004,996
522: 740,1124,1128
523: 269,600,364,395,672,1173
524: 669,246,528,606,790
525: 1139,849,971,1078,73,1147,1028,698
526: 212,617,968,354,913,4
527: 936,1140,1167,225,314,773
528: 984,969,1088,606,524
529: 31,981,464,102,609,940
530: 750,871,241,114,928,386
531: 43,271,902,338,291,958
532: 331,1123,1090,542,288,394
1220: 604,27,747,884,1146,680
534: 918,194,1024,644,819,347,454
535: 196,185,237,886
536: 138,656,477,937,659
537: 299,1009,107
538: 824,419,951,988,162
539: 418,138,771
540: 1189,1023,0,558,641,496
541: 652,43,946,136
542: 674,705,1054,288,394,532
543: 893,54,1223,9,163,1217
544: 724,104,950,240,1097,933
545: 880,239,618,765,120,768
546: 852,323,718,881,869,994
547: 508,222,214,1096,176,1016
548: 4,1204,712,98,396,213
549: 599,122,20,299
550: 1167,225,696,1110,916,938
551: 270,1057,285,1071,764,1015
552: 977,336,1147,910,791,268
553: 571,802,142,983,925
554: 1176,328,1087,94
555: 682,884,841,699,747
556: 47,417,1154,944,448,406
557: 274,461,353,721,129
558: 597,1219,1000,0,540,1023
559: 807,833,782,981,181,11
560: 672,784,296,267,228
561: 420,518,973,1007,92,407
562: 750,871,306,875,189
563: 746,425,581,1127,307,649
564: 1021,1006,249,236,904,735,843
565: 438,892,665,1111,471
566: 988,6,162,172,21,106
567: 368,585,899,251,978,736
568: 517,643,233,73,224,24,971
569: 853,1077,101
570: 135,1036,422,72
571: 553,802,80,789,925,34
572: 315,968,900,702,913,361
573: 810,460,508,222,767,1014
574: 278,374,268,83,47,1205
575: 431,1058,452,640,700
576: 1082,416,715,468,1207,337
577: 624,1034,610,311
578: 69,402,697,728,168
579: 816,57,204,634,1101
580: 482,1137,324,703,519,432
581: 563,746,1114,1127
582: 629,699,646
583: 598,873,134,1061,435
584: 507,463,909,1195,823
585: 368,567,197,736,38,1221
586: 358,103,348,511,1214,608
587: 442,7,337,730,361
588: 781,262,602,301,1176
589: 340,1164,440,260,751,597
590: 8,18,874,792,205,653
1230: 1133,933,639,834
592: 3,757,465,957,760,1051
593: 284,118,99,194,1024,330,126
594: 704,359,157
595: 83,1147,1028,689,268
1223: 1114,9,543,893
597: 1219,558,589,260,751,0
598: 831,873,583,1061,165
599: 122,885,826,549
600: 1222,364,523,395,676
601: 997,787,964,367,895,76
602: 81,308,301,421,588
603: 745,1197,75,711,1050,642
604: 296,27,1220,32,1025,680
605: 487,915,96,441,488,711
606: 124,95,984,528,524,790
607: 435,663,813,217,215
608: 677,837,586,511,492,1214
609: 19,940,981,529,11,794
610: 147,1034,577,624,700
611: 1225,384,109,657,160,74
612: 108,250,63,246
613: 806,697,153,734,69,989
614: 92,693,1073,846
615: 664,486,860,105,453,177
616: 521,510,996,462,206
617: 212,283,526,4,213
618: 545,765,1012,347,918,768
619: 484,29,732,1187,1029
620: 33,762,55,1190,866,1018
621: 485,1166,171,169,245,1152
622: 59,678,263,84,847,1021
623: 905,651,710,800
624: 577,700,610,815
625: 1217,410,669,1070,108
626: 216,144,240,673,719,950
627: 1079,223,798,1112,180,91,214
628: 84,720,641,713,1189,678
629: 699,747,582,170,27
630: 1144,1044,315,1020,991,883
631: 1187,1152,420,1007,709,228
632: 645,352,675,1047,517,643
633: 742,504,48,459,706,109
634: 579,204,686,1190,1178,1101
635: 376,729,483,1182,332,295
636: 975,294,1194,818
637: 254,647,956,805,961
1232: 1226,1048
639: 1097,97,355,834,1230
640: 147,87,701,431,575
641: 58,496,713,540,1189,628
642: 416,745,603,1050,468
643: 568,517,352,632,1124,24
644: 1066,1125,819,454,463,534
645: 1065,352,632,675,901,146
646: 1158,932,582
647: 254,637,247,241,386
648: 755,733,281,380,1027,391
649: 803,690,563,1127,134,307
650: 5,256,320,953
651: 926,948,710,905,623
652: 541,961,229,830
653: 205,1227,8,590,948
1204: 548,712,883,816,57,98
655: 136,229,864
656: 418,536,801,659,829
657: 160,715,468,48,611,109
658: 479,1070,887,813,325
659: 829,788,536,656,937,744
660: 1161,1067,403,331,1123,1116
661: 789,210,1171,1157,931
662: 396,776,363,289
663: 435,607,447,690,887
664: 486,615,409,262,248,177
665: 438,892,565,183
666: 360,834,685,1115,40
667: 178,430,458,103,344,511
668: 154,306,415,367,895
669: 524,246,625,108
670: 265,133,293
671: 339,227,36,1053,835,714
672: 560,1173,523,395,784
673: 240,912,744,719,626
674: 329,705,542,21,394
675: 466,1031,901,1047,645,632
676: 395,919,1175,600,1158
677: 837,858,608,498,1214,375
678: 59,263,622,713,84,628
679: 459,706,469,1203,219,25
680: 1146,211,604,1220,1025
681: 689,1154,1139,372,1064,1028
682: 555,884,841,1146,237,1216
683: 131,954,1183,36,227,843
684: 723,509,146,252,1103,901
685: 360,666,1115,238,501,1099
686: 297,55,1190,188,204,634
1210: 192,342,439,1085,917,126
688: 1135,316,264,701,495,431
689: 681,1154,944,83,595,1028
690: 649,803,447,134,435,663
691: 1077,101,35,1191,201,876
692: 974,221,287,390,161,1112,443,1093
693: 614,92,1117,1008,139
694: 993,345,773,1209,68
695: 187,963,166,493,793,203
696: 550,225,451,938,1060,87
697: 806,613,966,728,69,578
698: 1147,1028,525,1078
699: 629,747,582,555
700: 624,610,575,452,815
701: 451,264,688,640,87,431
702: 354,913,361,7,572,1089
703: 141,1109,1102,580,1137,432
704: 594,850,359,506,248,177,862
705: 674,325,329,542,1054,479
706: 459,679,1203,28,504,633
707: 132,1182,1159,378
708: 415,367,886,787
709: 732,267,228,631,1187
710: 121,948,1149,651,623,800
711: 745,603,75,488,605,96
712: 548,4,1204,883,315,968
713: 58,641,678,263,759,628
714: 758,1188,339,671,1053,1131
715: 657,160,468,576,337
716: 172,856,215,377,167,6
717: 414,208,1065,352,1124,1128
718: 546,323,869,990,276,209
719: 744,673,726,885,216,626
720: 904,84,628,1189,131,198
721: 234,429,1224,274,557,353
722: 201,161,101,221
723: 840,509,146,684,901,1010,45
724: 104,544,2,950,461,353
725: 983,804,140,343,1229
726: 117,937,885,826,744,719
727: 312,464,342,1085,31
728: 243,52,966,697,578
729: 866,635,376,116,1018,295
730: 1207,436,587,337,900,361
731: 478,1048,1176
732: 267,709,1025,619
733: 755,648,1172,1150,1145,1027
734: 155,1084,153,613,989
735: 339,227,843,564,236
736: 16,38,842,899,567,585
737: 985,393
738: 893,54,969,1088
1227: 205,653,283,389
740: 522,1124,1128,24,128,971,1078
741: 473,863,289
742: 504,633,1050,48,1197
743: 1033,1052,1002,45,474,294
744: 912,673,719,726,937,659
745: 603,711,96,416,642,383
746: 563,183,425,581
747: 629,699,27,1220,555,884
748: 1104,1224,1009,437,234
1198: 1213,1199,417,1144,1108
750: 871,530,562,114,972,875
751: 408,0,1151,589,1164,597
752: 1091,777,174,111
753: 498,1214,348,86
754: 823,23,945,795,1049
755: 497,648,733,1150,380
756: 176,775,1016,1030,346,89
757: 592,1019,3,1051,488,75
758: 305,714,236,339,476
759: 263,255,513,58,713,878,481
760: 947,957,46,592,3,763
761: 1106,513,119,70,341,878
762: 11,33,620,794,807,866
763: 1041,143,760,46,1019,3
764: 482,1105,1071,551,285,1015
765: 545,239,618,208,366,1012
1229: 269,1073,804,725,343,364
767: 50,56,1014,810,573,233,224
768: 192,120,439,545,618,918
769: 256,990,357,1000,209,998
770: 1056,457,115,1069,390,1093
771: 124,95,418,539
772: 808,907,200,976,855
773: 345,694,527,225,314,1209
774: 1063,1072,1180,514,350,298
775: 176,877,756,89,1062
776: 662,317,174,1091
777: 1101,174,60,1178,111,752
778: 1170,260,179,323,1219,357
779: 801,854,829,393
780: 815,1159,452,132
781: 262,588,248,1176,328,850
782: 833,559,980,181,1135,316
783: 512,1184,811,839,266,381
784: 395,919,560,672,296,32
785: 1039,369,881,193,327,852
786: 1132,333,1110,916,118,99
787: 601,997,367,708
788: 659,829,912,1141,97
789: 210,661,1157,571,34
790: 801,854,124,606,524,246
791: 278,268,552,152,910
792: 205,304,411,590,874
793: 1225,384,469,187,963,695
794: 11,762,609,19,1160
795: 1231,928,23,754,1049
796: 53,231,897,924,967,195,199
797: 864,77,68,1055
798: 388,627,1079,202,91,508,214
799: 257,847,46,59,947,1045
800: 929,710,623
801: 790,779,124,418,656,829
802: 553,809,571,80
803: 649,447,690,1127,9,163
804: 983,725,925,292,1073,1229
805: 271,125,956,637,961
806: 697,613,467,1104,966
807: 226,833,559,11,33,762,828
808: 907,772,1051,441,855,915
809: 802,858,824,419,302
810: 460,1047,573,767,517,224
811: 827,839,783,1068,381
1213: 1198,1199,436,1059,1144,1020
813: 607,658,887,856,215,325
814: 1086,1099,1115,939,1156
815: 780,452,624,700
816: 57,579,1204,317,1101,98
817: 930,465,199
818: 636,975,294,1002,1066,1130
819: 347,433,1066,644,454,534
820: 486,860,72,1036,1084
821: 898,1010,891,171,474,1194
822: 867,1049,1231,149
823: 754,584,909,1049,1100
824: 538,419,809,80
825: 238,310,1022,888,360
826: 599,885,117,726
827: 173,811,839,401,1068,1037
828: 483,807,226,33,376
829: 659,788,656,801,779
830: 961,652,254,1140,186
831: 598,873,165,520,178,326
832: 356,501,446,1099,1098,49
833: 807,226,559,782,65,316
834: 666,355,40,639,1230,1133
835: 1053,1017,36,671
836: 309,899,86,498,251,375
837: 677,858,608,492,951,419
838: 863,213,363,283,389
839: 173,827,811,450,783,512,37
840: 723,146,1065,1033,45,414
841: 555,682,237
842: 736,16,309,899
843: 735,227,904,131,683,564
844: 1017,942,5,1183
845: 405,924,1126,51,967,1005
846: 269,1073,614,92,1173,518
847: 257,799,59,622,1021,249
848: 1177,943,959,1186,175,1076
849: 525,1139,971,110,1107,73,1032
850: 704,506,781,248,328,412
851: 148,387,184,399
852: 179,546,323,785,881,327
853: 1030,1046,346,569,1077,101,191,923
854: 790,779,246,393
855: 1174,976,808,772,1168,915
856: 172,716,215,813,325,329
857: 956,362,871,241,189
858: 677,837,419,302,375,809
859: 445,979,62,1039
860: 820,486,615,155,1084,105
861: 137,1211,982,1095,494,37
862: 920,193,704,359,506,369
863: 838,363,926,389,741,473
864: 797,229,1055,655
865: 1106,513,1177,1026,897,481
866: 376,729,33,762,620,1018
867: 1049,1100,822,1185,936,149
1205: 1035,47,374,574,908,413
869: 994,546,718,276
870: 1015,244,1057,1056,71
871: 750,530,562,241,857
872: 1203,28,476,15,1006,85
873: 598,831,583,217,435,326
874: 18,590,184,411,379,792
875: 154,306,889,503,972,750,562
876: 201,1081,1063,1072,1191,691
877: 176,775,1062,50,1014,303
878: 58,341,513,761,759
1222: 600,343,1221,364,197
880: 545,239,1001,977,120,253
881: 1039,785,445,546,852,994
882: 250,479,1070,1054,934
883: 1204,712,630,315,57,991
884: 555,682,747,1220,1146
885: 599,122,826,726,719,216
886: 415,708,535,185
887: 658,447,410,663,813
888: 1022,1003,63,242,825,310
889: 503,1179,972,100,875
890: 987,272,88,1161,1067,41,1105
891: 898,1010,821,516,10,509
892: 665,565
893: 543,738,1223
894: 141,1109,500,22,1040,207,499,427
895: 189,949,367,668,306,601
1221: 1222,38,197,585,1215
897: 53,231,481,796,865,924,1026
898: 821,891,516,171,169,123
899: 836,309,251,736,842,567
900: 315,572,1020,730,436,361
901: 1031,675,1103,723,146,684,645
902: 150,480,338,271,531,125
1203: 28,872,476,679,706,25
904: 84,720,131,1021,564,843
905: 623,651,926,473
906: 335,989,402,137,982
907: 808,772,1051,930,200,465
908: 19,940,374,1205,79,413
909: 507,584,823,1100,1132,333
910: 152,312,253,552,977,791
1206: 
912: 240,744,673,788,1097,489,97
913: 354,702,968,572,526
914: 234,429,20,1009,475
915: 605,487,855,808,441,1,1168
916: 118,786,1110,550,938,158
917: 1085,30,980,126,1210,284
918: 534,1024,347,618,768,439
919: 395,676,784,1158,170,32
920: 1212,862,193,359,286,1074
921: 39,93,190
922: 478,81,301
923: 1148,191,230,1030,853,346
924: 405,845,1026,897,796,967
925: 983,804,553,571,292,34
926: 651,389,863,473,905
927: 284,118,30,264,158,1135
928: 424,23,114,530,795
929: 800,1149,1165
930: 967,200,1005,465,817,199,907
931: 987,272,1120,210,661,1171,1129
932: 646,1158,280,1175
933: 1097,104,544,1230,1196
934: 42,288,242,882,250,1054
1211: 137,861,1095,382,999
936: 149,527,1140,867,1185,1167
937: 117,477,726,536,659,744
938: 451,158,916,550,696
939: 1069,1162,1156,1086,814,457
940: 609,908,19,374,102,529
941: 1187,1152,1166,996,521
942: 334,953,5,954,1183,844
943: 848,1177,175,405,1026
944: 689,1154,83,47,556
945: 23,965,462,754,206
946: 958,43,541,136
947: 195,957,760,1045,799,46
948: 121,710,653,8,651
949: 189,895,76,362,480
950: 724,544,240,626,144,353
951: 492,290,988,837,538,419
952: 1133,1196,350,1162,1156,1180
953: 334,942,998,256,650,5
954: 131,683,198,1183,334,942
955: 1038,986,17,230,434,191
956: 857,362,637,125,805
957: 195,947,199,760,465,592
958: 946,43,531,291
959: 848,1177,1186,1163,1106
1215: 66,280,1175,38,1221
961: 652,830,254,637,805
962: 1169,1129,22,1117,349,1008
963: 166,695,469,219,293,793
964: 601,997,76,1080,1193
965: 424,23,945,29,1029,462
966: 1104,1224,806,697,728,52
967: 930,1005,924,845,796,199
968: 315,572,913,4,712,526
969: 984,1206,528,1088,738
970: 74,220,384,187,145
971: 525,849,1078,568,73,740,24
972: 232,114,100,889,875,750
973: 561,518,92,139,407,397
974: 91,221,1096,692,1112,443,1046
975: 636,294,1194,818,485,1004,1130
976: 1174,855,235,1113,200,1043,772
977: 552,1001,336,880,910,253
978: 251,302,368,567,142
979: 412,282,94,62,1039,859
980: 1085,917,30,181,1135,782
981: 31,529,181,609,559,11
982: 137,861,402,906,61,494
983: 804,725,925,553,140,142
984: 1206,969,528,606,95
985: 1141,737,355,40,393,1022
986: 1038,955,17,470,401,1037
987: 931,272,890,1161,1171
988: 566,6,162,951,290,538
989: 906,613,155,734,69,402
990: 769,357,323,718,209
991: 57,204,630,1044,297,883
992: 238,310,42,1090,356,398
993: 345,694,1034,77,68,300,311
994: 869,881,445,546
1197: 603,75,1019,742,1050
996: 1029,462,1187,941,521,616
997: 601,787,964
998: 334,953,156,1000,256,769,1023
999: 286,1074,382,1211
1000: 1219,558,769,357,1023,998
1001: 977,336,1128,128,880,239
1002: 743,1052,294,818,1066,433
1003: 393,1022,888,63
1004: 485,1166,975,521,510,1130
1005: 930,967,200,845,1113,51
1006: 564,249,236,872,476,15
1007: 420,561,407,245,631,1152
1008: 127,349,139,1117,962,22,693
1009: 20,299,537,437,107,234,914,748
1010: 821,891,10,723,509,474,45
1011: 394,106,1123,182,1116
1012: 347,433,1052,366,618,765
1013: 292,34,1117,210,1129
1014: 50,767,222,176,877,573
1015: 244,324,14,870,551,1057,482,764,71
1016: 176,756,1096,1030,1046,222,547
1017: 844,36,1183,835
1018: 116,1178,620,1190,866,729
1019: 3,757,1041,763,1197,75
1020: 315,900,1213,436,630,1144
1021: 564,249,622,904,84,847
1022: 1003,888,985,40,825,360
1023: 540,1189,558,1000,998,156
1024: 918,534,194,330,439,593,126
1025: 732,267,604,296,680
1026: 405,924,1177,943,865,897
1027: 470,1145,401,648,733,391
1028: 1147,595,698,525,1139,689,681
1029: 996,462,1187,619,29,965
1030: 1046,853,346,923,756,1016
1031: 466,675,901,202,1103,423
1032: 372,1168,1107,1174,1139,849,110
1033: 743,1052,275,45,840,414,366
1034: 993,345,1060,147,610,311,577
1035: 47,1205,417,413,1108
1036: 135,570,421,72,820
1037: 1068,401,827,1038,986
1038: 986,955,230,1037,1186,1076
1039: 785,369,881,282,979,859
1040: 10,207,499,427,894,500,1042,252
1041: 85,143,763,1019,504
1042: 252,1103,423,500,1134,321,1040
1043: 233,1107,56,235,1174,976
1044: 630,1144,1108,1153,297,991
1045: 195,947,53,59,255,799
1046: 1030,853,101,974,221,1096,1016
1047: 810,460,466,675,632,517
1048: 1226,1232,731,478
1049: 867,1100,822,823,754,795
1050: 742,48,1197,603,642,468
1051: 808,907,441,488,465,592,757
1052: 743,1033,1002,366,1012,433
1053: 835,671,714,1131
1054: 705,542,479,882,288,934
1055: 186,1209,229,797,864,68
1056: 770,457,1057,1092,870,71,1093
1057: 270,551,1092,1056,1015,870,71
1058: 495,431,575,1159,452,1121
1059: 1207,436,444,1082,1213,1199
1060: 345,1034,225,696,147,87
1061: 134,307,273,1155,598,583
1062: 89,515,1126,877,775,303,51
1063: 774,1072,1191,1083,298,876
1064: 372,1,487,681,1154,448,64
1065: 645,352,840,146,414,717
1066: 1125,1130,644,818,1002,819,433
1067: 660,1161,403,1142,41,890
1068: 1037,1186,827,811,381
1069: 939,1162,67,770,457,115
1070: 658,625,410,108,882,250
1071: 1142,49,41,551,285,1105,764
1072: 1063,774,67,1180,1081,876
1073: 269,1229,846,804,614
1074: 286,999,1212,920,340
1075: 426,456,2,461,258,514
1076: 175,1148,1038,230,1186,848
1077: 434,101,691,35,191,853,569
1078: 525,971,740,128,336,1147,698
1079: 388,627,223,798,202,180,449
1080: 404,1193,964,76,150,322
1081: 390,201,161,876,1072,67,115
1082: 416,576,383,444,1207,1059
1083: 1191,164,298,1172,1063,1145
1084: 155,734,319,72,820,860
1085: 917,980,1210,342,727,31,181
1086: 1099,814,1098,939,270,1092
1087: 554,1181
1088: 969,528,738,54
1089: 304,318,7,351,354,702
1090: 532,331,42,288,992,398
1091: 752,174,776
1092: 270,1057,1086,1056,457
1093: 1112,71,443,1056,770,390,692
1094: 182,1122,1116,1161,1171,1157
1095: 861,1211,512,37,1119
1096: 91,974,221,1046,547,214,1016
1097: 489,933,639,97,240,912,544
1098: 1086,1099,832,49,270,285
1099: 1086,814,1098,685,501,832
1100: 867,1049,823,909,1185,1132
1101: 317,777,174,816,579,634,1178
1102: 1109,703,1120,88,1137,1169
1103: 1042,252,423,1031,901,684
1104: 966,748,437,1136,806
1105: 482,1137,764,1071,41,890,88
1106: 513,761,865,70,1163,1177,959
1107: 233,73,1043,1174,849,110,1032
1108: 1144,1044,1035,1198,1153,413
1109: 141,894,703,1102,1169,22,427
1110: 786,1185,1132,916,1167,550
1111: 1155,471,565
1112: 71,180,443,1093,91,974,692,627
1113: 235,303,51,200,1005,976
1114: 1127,1223,9,581
1115: 666,685,814,1156
1116: 182,1094,1011,1123,660,1161
1117: 1013,962,693,1008
1118: 1138,1136
1119: 340,1164,1095,512,1184
1120: 931,272,88,1169,1129,1102
1121: 378,226,65,495,1058,1159
1122: 182,1094,162,1157
1123: 532,331,1011,394,1116,660
1124: 740,522,1128,24,352,643,717
1125: 1066,1130,644,510,1195,463
1126: 515,1062,175,405,845,51
1127: 1114,9,563,581,649,803
1128: 740,522,1124,128,208,717,239,1001
1129: 1169,962,210,931,1120,1013
1130: 1066,1125,1004,975,818,510
1131: 133,1053,714,1188
1132: 786,1185,333,1110,909,1100
1133: 1230,952,1196,834,1156
1134: 449,519,432,321,500,1042,423
1135: 688,316,927,30,980,264,782
1136: 1138,437,1118,467,1104
1137: 482,580,1105,88,703,1102
1138: 437,107,1136,1118
1139: 525,849,372,1032,1028,681
1140: 936,149,527,247,830,314
1141: 355,985,788,97
1142: 1071,49,41,403,446,1067
1143: 291,322,338,505
1144: 630,1044,1108,1213,1198,1020
1145: 470,1027,1172,733,164,1083
1146: 680,211,1179,1220,682,884,1216
1147: 595,1028,698,525,1078,552,336
1148: 175,923,1076,346,89,515
1149: 121,710,455,929,1165
1150: 426,456,1172,755,733
1151: 408,751,1184,1164,119,266
1152: 631,941,1007,245,621,1166
1153: 79,413,1044,1108,297,188
1154: 689,681,944,1064,448,556
1155: 1111,471,1061,273
1156: 939,1162,1115,1133,952,814
1157: 789,661,1171,1094,1122,80
1158: 646,932,170,1175,676,919
1159: 1058,452,378,1121,780,132,707
1160: 55,188,19,79,794
1161: 660,1067,1094,1116,1171,987,890
1162: 1069,939,1156,952,67,1180
1163: 70,381,1186,959,1106
1164: 340,589,1119,1184,751,1151
1165: 1149,929
1166: 485,621,1004,941,1152,521
1167: 550,225,1185,1110,936,527
1168: 372,1,1032,1174,855,915
1169: 962,1129,22,1120,1109,1102
1170: 440,260,778,327,1212,179
1171: 661,1157,1094,1161,987,931
1172: 456,1150,733,1083,298,1145
1173: 672,269,523,846,518
1174: 976,855,1107,1043,1032,1168
1175: 1215,280,1158,932,676
1176: 554,328,301,731,781,588
1177: 848,943,959,1106,865,1026
1178: 60,1018,1190,634,777,1101
1179: 1146,211,889,1216,100
1180: 774,1072,67,952,350,1162
1181: 62,1087,94
1182: 707,378,483,635,332
1183: 954,683,942,1017,844,36
1184: 783,512,1119,1164,266,1151
1185: 1132,1110,867,1100,936,1167
1186: 1068,1038,1163,1076,848,959
1187: 631,941,709,619,996,1029
1188: 305,714,1131,133,385
1189: 540,1023,641,156,720,628,198
1190: 55,686,620,634,1178,1018
1191: 164,1083,1063,876,691,35
1192: 404,1193,472
1193: 1080,404,1192,964
1194: 636,975,474,294,171,821,485
1195: 206,510,1125,584,463
1196: 1133,952,933,104,258,350