0: 408,751,597,558,496,540
1: 487,915,372,1168,1064,64
2: 258,298,724,104,461,426
3: 1019,1050,504
4: 617,526,968,913,548,712
5: 650,942,953,844
6: 988,566,290,172,716,377
7: 1089,337,730,572,361
8: 18,590,1228,653,121,948
9: 1114,1127,543,1223,803,163
10: 898,891,509,159,207,1040,252,516
11: 33,762,794,609,19,559
1209: 186,314,773,1055,345,694
1214: 753,498,348,586,677,608
1235: 906,105,155,989,578,402
15: 85,143,46,1006,872
16: 736,38,842,66
17: 955,434,986,35,470,164
18: 8,590,184,1228,874
19: 609,908,940,79,11,794
20: 299,1009,122,549,914,475
21: 106,394,172,674,329,566
22: 1169,962,1117,1109,1008,427
23: 424,928,965,945,754,795
24: 740,643,568,1124,971,1078
25: 1203,476,305,679,385
26: 165,261,1155
27: 604,1220,32,170,629,747
28: 633,504,85,1203,706
29: 484,619,1029,232,424,965
30: 980,917,126,1135,1210,284
31: 981,529,727,464,980,917,181
32: 604,296,27,170,784,919
33: 11,762,807,559,866,828
34: 292,1013,789,210,804,925
35: 1145,164,1172,17,434
36: 227,671,683,1183,1017,835
37: 839,1184,861,512,1095
38: 736,16,585,66,1215,1221
39: 921,190,259,148
40: 1022,685,1003,238
41: 1071,1161,764,660,890,482,1105
42: 288,310,934,250,242,1054
43: 271,531,541,946,958
44: 112,458,358,103
45: 743,1033,1010,723,840,474
46: 143,847,799,763,1019,15
47: 1035,944,1205,83,689,574,268
48: 742,633,642,459,468,109
49: 501,446,832,285,1067
50: 877,222,235,303,56,1014,1043
51: 303,1113,1062,1005,1126,877
52: 728,129,966,1224,697,274
53: 481,255,865,59,1045,897
54: 669,524,738,1088,1217,1236
55: 1190,1018,620,1160,762,794
56: 233,1107,1014,224,50,1043
57: 991,816,204,712,1204,883
58: 341,496,878,641,713,759
59: 53,255,1045,622,799,947
60: 116,1178,113,777,1101,1091
61: 281,494,982,168,402,380
62: 1181,94,979,859
63: 393,612,888,242,250
64: 448,406,279,487,96,1,1064
65: 807,833,316,495,226,1121
66: 1215,280,16,38
67: 814,939,1099,1156,1133,1098
68: 300,1055,993,694,311,77
69: 806,697,613,467,989,734,578
70: 119,266,381,1106,513,761,1177
71: 1112,1093,1057,1056,1015,180
72: 365,422,319,570,1084
73: 525,849,1139,971,233,1107,568,1032
74: 970,442,384,611,160,187
75: 711,603,1050,760,1197,605
76: 949,480,601,964,1080,150
77: 797,1055,300,68
78: 399,1228,455
79: 908,19,413,1160,794
80: 571,802,824,1157
81: 308,602,301,922
1231: 386,795,822,647
83: 595,689,268,47
84: 904,720,628,678,249
85: 15,1203,872,504,28
86: 836,309,753,498
87: 147,640,451,696,1034
88: 987,272,890,1120,1105
89: 1126,515,1148,1076,346,1062
1218: 93,265,493,166
91: 798,627,1079,974,1096,388
92: 614,693,127,139,973,518
93: 1218,493,921
94: 282,979,412,554,1181,62
95: 606,771,984,528
96: 605,487,711,279,64,383
97: 656,788,659,1141
98: 662,396,776,816,1204,317
99: 118,593,333,194,786
100: 232,972,211,484,889,1179
101: 1148,1083,853,1191,1081,1072,221
102: 529,464,152,278,374,940
103: 358,586,458,44,667,511
104: 724,544,933,258,2
105: 906,335,1235,860,155,453
106: 21,394,566,162,1011,182
107: 1138,437,1009,537
108: 882,250,669,246,625,612
109: 657,468,48,459,1225,611
1196: 952,1230,666,939,1115
111: 392,295,113,752
112: 520,458,44,261
113: 60,116,295,111,1091,752
114: 232,972,424,928,750,530
115: 390,1072,1092,1069,457,692,770
116: 60,1178,113,620,295,729
117: 477,726,937,826
118: 927,284,593,99,786,916
119: 70,266,1151,408,761,341
120: 618,768,192
121: 948,710,8,1228
122: 599,885,549,20,216,475
123: 245,397,169,516,127,159
124: 606,771,418,539,801,829
125: 956,362,480,902,271,805
126: 30,1024,1210,439,284,593
127: 159,139,92,973,397,123
128: 336,740,1001
129: 243,728,52,274,557
1217: 163,1236,410,543,738,54
131: 954,683,198,904,720,843
132: 780,452,1159,707
133: 1131,1188,293,670
134: 307,273,649,690,435,583
135: 421,570,308
136: 655,541,946
137: 861,1211,906,335,494,982
138: 418,539,536,477
139: 127,1008,1117,92,693
140: 368,197,983,725,142,343
141: 432,1102,894,1134,1109,519,500
142: 983,978,553,140,368
143: 257,847,46,1006,15
144: 216,626,429,475,950,353
145: 190,400,203,187,970,277
146: 723,901,840,1065,645,675
147: 640,87,610,1034,575,700
148: 851,39,259,387
149: 936,527,867,247,1140
150: 902,338,322,76,480,1080
1182: 707,1159,378,332
152: 253,312,910,278,464,102
153: 1118,365,319,613,467
154: 668,306,875,185,503,415
155: 1235,105,860,989,820,734
156: 334,998,198,1023,1000,1189
157: 615,453,506,704,286,382
158: 451,938,701,916,927,1135,264
159: 127,1008,207,123,516,10
160: 1089,587,657,611,74,442
161: 1096,1046,692,1081,390,974
162: 988,566,106,538,182
163: 1217,410,9,543,803,447
164: 470,1027,1145,35,17
165: 26,261,598,831,520
166: 493,963,265,1218
167: 716,856,217,430,326,377
168: 578,402,243,728,380,61
169: 245,123,516,898,621,171
170: 646,1158,919,629,582,27,32
171: 485,621,169,898,1194,821
172: 716,856,329,566,6,21
173: 401,450,1095,811,839,1037
174: 317,777,776,1234
175: 1005,1126,515,848,943,405,845
176: 547,877,222,1030,775,1077,1016,573
177: 486,664,615,506,1039,248
178: 430,667,326,831,520,458
179: 327,323,1170,778,990,357
180: 1015,244,1112,71,223,627
181: 833,980,31,981,782,316
182: 1122,1157,162,106
183: 746,425,438,665
184: 18,874,387,851,399
185: 196,535,503,415,886,154
186: 314,1209,1055,652,229,830
187: 145,203,384,695,970,74
188: 1153,1160,1044,1190,297
189: 895,949,306,562,857,362
190: 145,400,203,39,921,259
191: 230,955,434,691,923
192: 1085,439,545,618,120,768
193: 785,852,369,1212,920,1170,327
194: 347,534,1024,454,333,593,99
195: 592,796,199,1045,947,957
196: 535,185,237,682,503,1216
197: 140,368,585,343,1222,1221
198: 334,156,1189,720,131,954
199: 930,967,592,796,465,195
200: 235,1113,930,465,976,907
201: 1063,1172,1069,876,1162,1083
202: 1031,423,449,1079,466,388
203: 145,190,187,493,695
204: 57,991,816,297,686,634,579
205: 792,653,1227,354,212,590
206: 823,754,584,616,510,945
207: 349,159,1008,427,1040,516,10
208: 717,1128,366,1033,1052,1012,765
209: 320,276,718,256,990,769
210: 789,661,931,1013,34,1129
211: 1146,680,484,1179,100
212: 617,526,205,1227,354,283
213: 838,363,283,548,617,396
214: 1016,508,798,1096,1030,460
215: 325,813,607,217,856
216: 626,719,144,122,885,475
217: 607,215,873,326,856,167
1212: 920,359,1074,193,1170,440
219: 293,385,679,469,963
220: 970,442,318,351
221: 346,756,1077,1081,1148,101,1046
222: 50,547,877,176,1016,573,303,1014
223: 449,519,244,180,627,1079
224: 233,56,1014,573,767,517,568
225: 1167,550,527,773,345,1060
226: 378,483,1121,807,65,828
227: 735,339,671,843,36,683
228: 267,709,560,420,1007
229: 652,186,655,864
230: 191,955,1038,1186,923,1068,1163
1234: 174,776,289
232: 114,972,100,484,29,424
233: 1107,56,224,568,73,971
234: 914,429,1224,748,721
235: 303,1113,200,50,976,1043
236: 564,1006,735,476,872,758
237: 196,535,682,841
238: 825,992,1022,40,356
239: 545,765,1001
240: 950,544,912,673,626,1097
241: 857,956,871,386,647,637
242: 63,888,250,42,310,825
243: 728,129,168,755,380
244: 1015,580,180,703,432,519,223
245: 397,169,123,407,621,1152
246: 669,524,790,854,108,612
247: 647,1140,867,822,149
248: 1039,850,177,781,664
249: 564,1006,678,904,84,257
250: 934,108,882,63,612,242,42
251: 302,978,375,836,899,567
252: 1040,1042,1103,10,509,684
253: 152,312,910,977,342,1085
254: 647,637,1140,961,830
255: 53,481,59,263,622,759
256: 769,320,209,953,998,650
257: 143,847,1021,249,1006
258: 298,350,2,104,933,952
259: 379,387,190,400,39,148
260: 440,778,589,597,1219,558
261: 26,165,112,520
262: 781,588,664,421,602,409
263: 1021,713,622,678,759,255
264: 688,782,927,1135,158,701
265: 670,166,1218
266: 119,70,381,783,1151,761
267: 732,709,228,1025,560,296
268: 278,574,595,791,83,689,47
269: 846,1229,364,1173,523
270: 1142,1057,285,1099,1056
271: 43,531,805,125,902
272: 88,987,931,1120,1169,1129
273: 134,307,471,1061,583
274: 557,721,1224,52,129
1191: 1148,1083,853,101,691,1063,1076,923
276: 320,209,718,869
277: 379,145,400,318,411
278: 374,574,268,791,152,910,102
279: 448,406,444,64,96,383
280: 66,1215,1175,932
281: 494,61,380,648,391,450
282: 94,979,412,850,785,369
283: 213,838,617,212,1227,389
284: 927,118,593,30,126,1135
285: 270,1142,1067,501,49,1099
286: 999,1074,382,157,704,359
1190: 1018,55,188,1160,297,686
288: 42,310,542,1054,532,1090
289: 1237,662,776,1234
290: 988,6,344,492,377,951
291: 1143,338,531,958
292: 1013,34,804,1073,693
293: 219,385,133,670
294: 1194,474,1002,743
295: 376,729,635,116,113,392,111
296: 604,32,784,560,267,1025
297: 991,204,686,188,1044,1190
298: 258,350,2,514,774,1075
299: 20,1009,537,549
300: 577,68,311,77
301: 81,602,478,922,588,1176
302: 251,978,375,858,809
303: 235,1113,51,50,877,222
304: 318,411,351,702,792,354
305: 714,758,1188,476,25,385
306: 154,668,875,562,189
307: 134,273,649,563,425
308: 81,602,135,421
309: 836,899,86,842
310: 42,288,242,825,992,1090
311: 993,1034,610,300,577,68
312: 253,152,1210,1085,727,464
1228: 8,18,78,121
314: 186,773,1209,1140,830
315: 968,572,900,630,1020,883
316: 688,782,65,833,181,495
317: 1101,174,579,816,98,776
318: 304,411,351,220,277
319: 365,72,153,613,1084,734
320: 276,209,256,650
1193: 1080,404,1192,964
322: 150,338,1080,404,505,1143
323: 179,327,546,718,852,990
1179: 889,1216,1146,211,100
325: 813,215,658,856,329,705
326: 178,430,831,873,217,167
327: 179,323,852,193,1170
328: 1176,554,781,850,412
329: 674,705,325,172,856,21
1186: 848,1076,923,1068,230,515
331: 356,398,992,1123,1090,403
332: 392,635,1182
333: 507,454,534,194,786,1132,99
334: 942,953,998,156,198,954
335: 906,105,453,137,1211,382
336: 552,128,977,880,342,1078,740,1001,1147
337: 1089,587,7,576,730,1207
338: 150,902,322,531,1143,291
339: 735,227,671,714,758
340: 589,1119,1074,440
341: 58,496,119,408,878,761
342: 977,336,880,545,1001,1085,253
343: 1222,364,140,197,725,1229
344: 511,492,377,430,667,290
345: 993,1060,694,225,773,1209
346: 756,775,1077,1062,221,1148,89
347: 534,194,1024,768,819,433
348: 753,1214,358,586
349: 1008,207,427
350: 258,298,952,774,1133
351: 318,304,220,361,702
352: 1065,645,517,632,717,1124,643
353: 461,721,144,429,724,950
354: 792,205,702,304,526,212
355: 1003,985,1141,639,834
356: 446,398,331,832,238,992,1022
357: 990,769,1000,778,179,1219
358: 103,586,44,348
359: 1212,920,704,862,286,1074
360: 501,1022,685,1115
361: 702,913,7,572,351
362: 857,956,125,189,949,480
363: 863,213,838,662,396
364: 600,343,1222,269,1229,523
365: 422,72,319,153
366: 414,208,717,840,1033
367: 415,708,668,601,787,895
368: 140,567,197,585,978,142
369: 785,193,862,282,920
1225: 384,611,459,469,109,793
1207: 730,436,1082,576,1059,337
372: 1168,1032,1139,1,681,1064
1199: 1198,1059,556,406,444,417
374: 278,574,102,908,940
375: 251,302,498,677,858,836
376: 866,295,729,828,635,483
377: 344,430,716,167,6,290
378: 483,226,1121,1159,1182
379: 277,259,387,400,411,874
380: 755,648,243,168,281,61
381: 70,266,783,811,827,1106
382: 286,999,335,157,453,1211
383: 1082,416,745,96,711,279,444
384: 1225,611,793,695,74,187
385: 219,293,25,305,1188,679
386: 1231,871,530,241,647
387: 259,379,851,148,184
388: 466,460,798,1079,91,202
389: 651,1227,838,926,283
390: 115,1081,1072,692,770,974,161
391: 470,1027,648,281,401,450
392: 332,111,295,635
393: 63,612,854,779,985
394: 21,106,542,532,1011
395: 676,784,919,600,672,523
396: 662,98,548,1204,213,363
397: 245,123,127,407,561,973
398: 356,446,331,403,1161
399: 78,851,184
400: 145,190,277,259,379
401: 173,450,470,391,986,1037
402: 168,578,906,1235,61,982
403: 660,1116,1123,398,331,1161
404: 1080,1193,1192,322,505,472
405: 924,845,848,943,1026,175,897
406: 448,279,444,64,556,1199
407: 561,973,1007,245,397,1152
408: 751,0,119,341,496
409: 1036,486,421,262,664
410: 163,1217,1236,447,887
411: 318,304,277,379,792,874
412: 94,282,554,328,850
413: 1153,1160,1205,908,79
414: 717,366,840,1065
415: 367,708,886,185,154,668
416: 1082,576,383,745,642,468,715
417: 1035,944,556,1198,1199,1108
418: 539,138,536,124,656,829
419: 824,538,951,837,858,809
420: 560,672,1173,561,1007,518,228
421: 135,308,602,409,262
422: 365,72,570
423: 1031,1103,202,1134,449,519,1042
424: 928,23,965,29,232,114
425: 563,746,183,438,307
426: 456,514,461,557,2
427: 1040,500,22,1109,349,1008,207
1226: 478,1232,1048
429: 914,234,475,144,721,353
430: 178,667,326,167,344,377
431: 575,1058,495,701,688,640
432: 141,1102,1134,1137,703,244,580,519
433: 1012,819,1066,618,347,768
434: 191,955,17,35,691,1063,1172
435: 690,134,583,663,607
436: 730,1207,1213,1059,1020,900
437: 1138,107,1136,1009,1104,748
438: 665,565,183,425,471
439: 192,1210,1085,1024,768,126
440: 1170,778,260,1212,340,589
441: 487,915,488
442: 74,220,1089,160
1189: 540,641,1023,156,198,628
444: 406,279,1082,383,1199,1059
445: 994,859,881,546
446: 356,398,832,49,1161,1067
447: 690,803,163,410,663,887
448: 406,279,64,1154,556,1064
449: 519,223,1134,1079,423,202
450: 173,401,1095,281,494,391
451: 696,938,158,701,640,87
452: 575,1058,1159,700,780,132
453: 157,615,506,335,105,860,382
454: 507,463,644,333,534,194
455: 1149,78
456: 426,514,733,557,755
457: 1069,1162,1086,1092,770,115
458: 112,520,44,178,667,103
459: 706,469,633,48,109,1225
460: 466,388,1047,798,214,508,810
461: 557,721,353,724,2,426
462: 996,1029,521,616,965,945
463: 507,454,644,510,1195,584
464: 31,529,727,102,152,312
465: 930,592,199,200,907,1051
466: 388,1047,460,798,1031,202,675
467: 806,613,69,1136,153,1104
468: 657,715,109,642,48,416
469: 459,679,706,219,1225,793
470: 164,1027,391,401,17,986
471: 1155,1111,1061,438,273
472: 505,404,1192
473: 741,863,926,905
474: 1194,294,821,1002,1010,743,45
475: 914,429,122,20,216,144
476: 1203,872,25,236,305,758
477: 117,937,138,536
478: 1226,922,301,1048,731
479: 658,1070,934,882,705,1054
480: 949,76,125,362,150,902
481: 53,255,865,878,513,759
482: 1137,1105,1071,41,764,580,551
483: 378,226,376,828,635
484: 619,29,211,232,100
485: 621,1166,1004,171,1194,975
486: 409,1036,177,664,615
487: 605,915,96,441,488,1,64
488: 605,487,915,441,808,1197
1236: 1217,410,669,625,54
1216: 503,1179,682,1146,196
1224: 966,748,234,274,52
492: 344,511,290,837,608,951
493: 166,695,93,1218,203
494: 281,61,982,137,861,450,1095
495: 431,1058,688,316,65,1121
496: 58,341,408,0,540,641
1181: 1087,554,94,62
498: 753,1214,677,836,86,375
1187: 996,1029,709,631,941,619
500: 427,1040,1042,141,894,1134,1109
501: 49,360,814,1099,1115,285
1219: 597,558,1023,778,260,357,1000
503: 889,1216,196,185,154
504: 742,633,28,3,85,1050
505: 472,404,322,1143
506: 157,615,453,704,177,1039
507: 463,454,333,584,909,1132
508: 214,1016,573,1047,460,767,810
509: 1010,10,891,252,684
510: 616,1130,1195,206,584,463
511: 344,492,667,103,586,608
512: 861,1211,999,37,1119
513: 878,761,1177,70,481,865
514: 426,456,733,298,1075
515: 89,1126,175,1186,848,1076
516: 169,123,159,207,898,10,891
517: 767,810,632,352,224,643,568
518: 561,973,846,614,92,1173,420
519: 449,223,244,141,432,1134,423
520: 112,458,165,261,831,178
521: 616,941,1166,1004,996,462
1195: 818,1125,510,1130,463,644
523: 672,1173,600,364,269,395
524: 669,246,54,1088,528,790
525: 73,1139,971,1078,1028,1147
526: 4,617,212,702,913,354
527: 936,149,1167,225,773
528: 984,1088,606,95,524,790
529: 31,981,464,102,609,940
530: 750,871,114,928,386
531: 43,271,902,338,291,958
532: 1123,1011,1090,542,288,394
1220: 604,27,747,884,1146,680
534: 347,194,819,454,644,333
535: 196,185,237,886
536: 418,138,477,937,656,659
537: 299,1009,107
538: 824,419,951,988,162
539: 418,138,124,771
540: 1189,641,0,558,1023,496
541: 652,43,946,136,655
542: 674,1054,288,394,532
543: 893,738,1223,9,163,1217
544: 724,104,950,240,1097,933
545: 765,239,618,1001,342,192,1085
546: 323,881,852,994,445,869
547: 222,176,1016,573
548: 712,1204,4,617,396,213
549: 599,122,20,299
550: 1167,225,1110,696,938,1060
551: 1015,580,1071,1142,1057,482
552: 977,336,1147,791,910
553: 571,802,983,925,142
554: 1176,731,328,1087,1181,94,412
555: 884,841,699,747
556: 1154,448,406,417,944,1199
557: 274,461,721,129,426,456
558: 597,1219,1023,260,0,540
559: 807,833,981,609,11,33
560: 672,420,784,296,267,228
561: 407,973,1007,518,420,397
562: 750,871,306,875,189,857
563: 746,425,1127,581,307,649
564: 249,1006,236,904,735,843
565: 438,892,665,1111
566: 988,6,162,172,21,106
567: 368,585,899,251,978,736
568: 24,643,517,233,224,73,971
1192: 404,1193,472
570: 135,422,72
571: 553,802,80,789,925
572: 315,968,900,730,7,361,913
573: 1016,508,547,222,176,767,810,1014,224
574: 278,374,268,47,1205,908
575: 452,431,1058,147,640,700
576: 1082,416,715,1207,587,337
577: 300,311,610,624
578: 168,402,697,69,989,728,1235
579: 317,1101,634,816,204,686
580: 1015,244,551,482,1137,703,432
581: 1114,1127,563,746
582: 629,699,646,170
583: 598,873,134,273,435
584: 206,823,510,507,463,909
585: 368,567,197,736,38,1221
586: 358,103,511,1214,348,608
587: 1089,160,337,576,657,715
588: 781,262,602,301,1176
589: 340,1164,440,260,751,597
590: 8,18,874,792,205,653
1230: 1097,639,666,1196,933
592: 465,199,195,957,1051,757,1041
593: 284,118,99,194,1024,126
1185: 786,1132,1100,936,1167,1110
595: 1028,1147,791,83,689,268
1223: 543,893,1114,9
597: 1219,558,589,260,751,0
598: 831,873,583,1061,165
599: 122,885,549,826
600: 1222,364,395,676,523
601: 997,787,964,367,895,76
602: 81,308,301,421,262,588
603: 711,75,1050,742,642,745
604: 296,27,1220,32,1025,680
605: 487,96,488,1197,711,75
606: 124,95,771,528,801,790
607: 663,813,215,217,435,873
608: 677,837,586,511,492,1214
609: 19,940,981,529,559,11
610: 147,311,1034,577,815,624
611: 1225,384,657,109,160,74
612: 393,63,246,854,108,250
613: 69,467,153,319,734
614: 92,693,846,1073,518
615: 157,453,506,820,486,177,860
616: 521,510,1130,462,206
617: 4,526,212,548,213,283
618: 545,765,120,1012,433,768,192
619: 484,29,732,1029,1187
620: 1018,55,762,866,729,116,1178
621: 485,1166,171,1152,245,169
622: 1021,263,255,59,799,947,847
623: 905,651,1233,800
624: 815,610,577
625: 669,1236,1070,108,882
626: 216,719,144,673,950,240
627: 1079,91,974,180,1112,223
628: 84,720,1189,641,713,678
629: 699,747,582,170,27
630: 1144,1044,1020,315,991,883
631: 941,1007,709,1152,1187
632: 767,517,810,645,352,643
633: 742,504,48,28,459,706
634: 1018,204,686,1178,1101,579
635: 295,376,483,332,392
1194: 975,474,294,821,1002,485,171,818
637: 254,647,956,241,805,961
1232: 1048,1226
639: 1097,1141,1230,355,834,666
640: 147,87,451,701,431,575
641: 540,1189,58,496,713,628
642: 742,48,603,416,745,468
643: 24,568,352,517,632,1124
644: 463,454,1125,1195,819,534
645: 1065,352,675,1047,146,810,632
646: 1158,932,170,582
647: 254,247,637,1231,386,241
648: 755,380,281,1027,391
649: 134,307,563,1127,690,803
650: 5,256,320,953
651: 1233,389,926,905,623
652: 541,961,229,830,186
653: 205,1227,8,590,948
1204: 548,712,57,816,98,396
655: 136,541,229,864
656: 829,788,97,418,536,659
657: 468,715,109,611,587,160
658: 479,887,1070,325,813,705
659: 744,536,937,656,97
660: 890,1094,1116,403,1161,41
661: 789,210,1171,1157,931
662: 98,396,776,363,289,1237
663: 813,607,690,447,435,887
664: 781,262,409,486,177,248
665: 438,892,565,183
666: 685,834,639,1230,1196,1115
667: 178,430,458,103,344,511
668: 154,306,415,367,895
669: 524,246,625,54,1236,108
670: 265,133,293
671: 339,227,36,1053,835,714
672: 560,1173,523,420,395,784
673: 912,744,626,719,240
674: 542,329,705,1054,21
675: 645,1031,466,1047,901,146
676: 395,919,1175,600,1158
677: 837,858,608,498,1214,375
678: 1021,713,263,84,628,249
679: 706,469,1203,25,219,385
680: 1146,211,604,1220,1025
681: 689,1154,1064,1139,372,1028
682: 884,841,1146,196,237,1216
683: 131,954,1183,227,843,36
684: 723,901,252,1103,1010,891,509
685: 1022,40,834,666,360,1115
686: 204,297,1190,1018,634,579
1210: 1085,439,312,917,30,126,727
688: 782,316,264,701,431,495
689: 681,1154,1028,595,83,268,47,944
690: 803,447,435,134,649,663
691: 1063,191,434,1191,923
692: 1112,1093,770,115,390,974,161
693: 614,92,292,1117,1073,139
694: 993,345,773,1209,1055,68
695: 493,793,963,384,203,187
696: 451,938,550,1060,1034,87
697: 806,69,966,728,52,578
1188: 305,714,1131,133,385
699: 629,747,582,555
700: 815,147,452,575,780
701: 451,158,688,264,640,431
702: 361,913,304,351,526,354
703: 1137,244,580,432
704: 157,506,1039,862,286,359
705: 674,329,1054,325,658,479
706: 459,679,469,1203,633,28
707: 1182,1159,132
708: 415,367,886,787
709: 732,267,228,1007,631,1187
710: 121,948,1233,1149,800,929
711: 75,603,605,96,383,745
712: 548,1204,883,968,57,4
713: 263,678,759,58,641,628
714: 305,1188,339,671,1053,1131
715: 657,468,416,576,587
716: 172,856,167,377,6
717: 414,208,1128,1124,366,840,1065,352,1033
718: 323,869,990,276,209
719: 216,626,726,885,744,673
720: 904,84,628,198,131
721: 274,461,557,353,234,429
1184: 839,37,1119,1164,783,1151
723: 684,901,840,146,1010,45
724: 104,950,544,461,353,2
725: 983,804,140,343,1229,1073
726: 117,937,885,826,744,719
727: 31,464,1210,312,917
728: 243,52,129,697,168,578
729: 866,295,376,620,116
730: 1207,436,7,337,572,900
731: 1176,554,478,1048,1087
732: 267,709,1025,619
733: 456,514,1075,1145,1027
734: 820,1084,319,613,69,989,155
735: 339,227,843,564,236,758
736: 16,38,842,899,567,585
1183: 954,683,942,1017,844,36
738: 543,893,969,1088,1217,54
1227: 205,653,212,283,389
740: 24,1128,1124,1001,128,336,1078
741: 473,863,1237
742: 633,504,642,48,603,1050
743: 1033,45,1052,474,294,1002
744: 659,673,726,937,719
745: 416,383,711,603,642
746: 563,183,425,581
747: 629,699,27,1220,555,884
748: 1104,966,1224,1009,437,914,234
1198: 1213,1199,417,1108,1144
750: 871,530,562,114,972,875
751: 408,0,589,1164,1151,597
752: 1091,113,111
753: 498,1214,348,86
754: 206,823,23,945,795
755: 380,648,243,456
756: 346,775,1077,221
757: 760,1041,1197,592,1051
758: 305,236,735,339,476
759: 713,263,878,58,481,255
760: 757,1041,1019,1197,75,1050
761: 878,513,119,70,266,341
762: 11,33,794,55,620,866
763: 799,947,957,847,46,1041,1019
764: 1071,41,482,1105
765: 545,239,618,1001,208,1128,1012
1229: 269,846,1073,725,343,364
767: 517,810,632,508,573,1014,224
768: 347,1024,433,618,120,192,439
769: 256,990,357,1000,209,998
770: 692,1093,1092,457,115,390
771: 124,606,95,539
772: 976,855,907
773: 314,1209,527,225,345,694
774: 1180,298,350,1075,1150
775: 346,756,1077,1062,877,176
776: 662,98,317,174,1234,289
777: 1101,174,60,1091
778: 1170,440,260,179,1219,357
779: 801,854,829,788,393,985
780: 132,452,815,700
781: 262,588,664,328,248
782: 688,316,264,980,1135,181
783: 266,381,1151,811,839,1184
784: 395,919,560,672,296,32
785: 881,852,193,369,282,979
786: 1185,1132,333,118,99,1110,916
787: 601,997,367,708
788: 656,829,97,779
789: 661,210,571,925,34
790: 801,854,528,606,524,246
791: 1147,595,552,977,910,278,268
792: 205,354,304,411,590,874
793: 695,963,469,1225,384
794: 11,762,19,79,1160,55
795: 1231,928,23,754,822
796: 930,967,199,195,924,845,1045
797: 864,77,1055
798: 91,974,1096,466,388,460,214
799: 947,763,59,1021,622,847,46
800: 929,1233,710,623
801: 790,854,779,124,606,829
802: 553,809,571,80,824
803: 690,447,1127,9,649,163
804: 983,725,925,292,34,1073
805: 271,956,125,637,961
806: 697,69,467,1104,966
807: 65,833,559,33,226,828
808: 907,1051,855,1197,915,488
809: 802,858,824,419,302
810: 767,517,632,1047,460,508,573,645
811: 173,839,827,1037,381,783
1213: 1198,1059,436,1144,1020
813: 325,663,607,215,658,887
814: 939,67,1099,1115,501
815: 624,700,610,780
816: 57,204,1204,317,579,98
1233: 651,948,710,623,800
818: 1125,1195,1194,975,1002,1130
819: 1066,433,1125,644,347,534
820: 1084,734,1036,860,155,615
821: 1194,474,898,1010,891,171
822: 867,1049,1231,795,247
823: 206,754,584,1049,909
824: 538,419,809,802,80
825: 238,992,888,242,310
826: 599,885,117,726
827: 1038,1037,1106,811,381,1163
828: 866,376,807,33,483,226
829: 656,788,124,418,801,779
830: 961,652,254,1140,186,314
831: 598,873,165,520,178,326
832: 356,446,1022,49
833: 807,65,559,181,981,316
834: 685,666,1003,355,639
835: 1053,1017,671,36
836: 309,899,86,498,251,375
837: 677,858,608,492,419,951
838: 863,213,363,926,283,389
839: 1184,37,173,1095,811,783
840: 723,901,146,1065,1033,45,414,717,366
841: 555,682,884,237
842: 736,16,309,899
843: 735,227,904,131,683,564
844: 1017,942,5,1183
845: 405,924,1005,175,967,796
846: 269,1229,1073,614,1173,518
847: 257,143,46,1021,622,799,763
848: 1186,1068,943,175,515,405
849: 73,1107,1032
850: 248,328,282,412
851: 148,387,184,399
852: 881,785,193,327,323,546
853: 1148,101,1191
854: 801,790,779,246,393,612
855: 1174,976,772,808,907,1168,915
856: 172,716,167,325,215,217,329
857: 956,241,362,871,562,189
858: 677,837,419,302,375,809
859: 445,979,62,881
860: 105,155,820,615,453
861: 137,1211,512,494,1095,37
862: 1039,704,920,359,369
863: 838,363,926,741,473
864: 797,229,655
865: 53,481,897,1026,513,1177
866: 376,729,828,33,762,620
867: 1049,1100,822,247,936,149
1205: 1035,47,574,908,413
869: 994,546,718,276
1237: 289,662,741
871: 750,530,562,386,857,241
872: 1203,476,1006,236,85,15
873: 598,831,583,607,217,326
874: 18,590,184,411,379,792
875: 154,306,889,972,750,562
876: 1162,1180,1150,201,1172
877: 50,222,176,775,1062,303,51
878: 513,761,58,341,481,759
1222: 600,343,1221,364,197
880: 977,336,342,1001
881: 785,852,979,994,445,859,546
882: 934,108,250,625,479,1070
883: 712,630,315,968,57,991
884: 555,682,841,747,1220,1146
885: 599,122,826,726,216,719
886: 415,708,535,185
887: 658,1070,447,410,663,813
888: 63,242,1003,985,825
889: 503,1179,972,100,875
890: 660,1094,41,88,987,1105
891: 898,1010,10,509,516,684,821
892: 665,565
893: 543,738,1223,969
894: 141,1109,500
895: 189,949,367,668,601
1221: 1222,38,197,585,1215
897: 53,865,1045,1026,405,924
898: 10,891,169,516,171,821
899: 836,309,251,736,842,567
900: 315,572,730,436,1020
901: 723,684,840,146,1031,1103,675
902: 150,338,480,125,271,531
1203: 476,872,25,85,28,679,706
904: 84,720,131,249,564,843
905: 623,926,651,473
906: 335,1235,105,402,982,137
907: 808,1051,200,465,976,855,772
908: 19,940,79,374,574,1205,413
909: 1049,1100,823,584,507,1132
910: 253,152,552,977,791,278
1206: 
912: 673,1097,1141,240
913: 361,702,968,572,4,526
914: 234,429,475,20,1009,748
915: 487,441,488,1,855,808,1168
916: 938,158,786,927,118,1110
917: 980,30,1210,31,727
1180: 774,1156,1150,876,1162
919: 395,676,784,1158,170,32
920: 1212,359,862,193,369
921: 39,93,190
922: 478,81,301
923: 1186,1076,691,230,191,1191
924: 405,845,1026,1045,897,967,796
925: 983,804,553,571,789,34
926: 863,838,651,389,473,905
927: 284,118,1135,158,916,264
928: 424,23,114,530,795
929: 800,710,1149,1165
930: 967,796,465,199,1005,1113,200
931: 987,272,661,210,1171,1129
932: 646,1158,280,1175
933: 952,1097,1230,104,544,258
934: 882,250,479,1054,42
1211: 137,861,512,335,999,382
936: 149,527,867,1100,1185,1167
937: 117,477,726,536,659,744
938: 451,696,158,916,550,1110
939: 814,67,1115,1196,952,1133
940: 609,908,19,374,529,102
941: 631,1166,1152,996,1187,521
942: 334,953,5,954,1183,844
943: 959,1026,848,1068,175,405
944: 1035,47,417,689,1154,556
945: 23,965,462,206,754
946: 958,43,541,136
947: 799,957,763,59,1045,622,195
948: 121,710,653,8,1233
949: 189,895,76,480,362
950: 724,544,240,626,144,353
951: 538,419,492,988,290,837
952: 1196,933,258,350,939,1133
953: 334,942,998,256,650,5
954: 131,683,1183,334,942,198
955: 230,191,17,434,986,1038
956: 857,241,125,362,637,805
957: 947,763,1045,592,195,1041
958: 946,43,531,291
959: 943,1163,1026,1106,1068,1177
1215: 66,280,1175,38,1221
961: 652,830,254,637,805
962: 1169,22,1117,1129,1013,1109
963: 793,166,695,219
964: 601,997,76,1080,1193
965: 424,23,945,29,1029,462
966: 1104,1224,748,806,697,52
967: 930,796,199,1005,924,845,1113
968: 315,572,913,712,883,4
969: 1088,893,738
970: 74,220,145,187
971: 525,73,233,24,568,1078
972: 232,114,100,889,875,750
973: 407,561,518,92,127,397
974: 798,627,91,1112,692,390,1096,161
975: 1194,485,1004,1130,818
976: 1174,855,1043,772,235,200,907
977: 552,336,880,342,791,253,910
978: 251,302,368,567,142
979: 94,282,62,881,785,859
980: 917,30,1135,31,782,181
981: 31,529,609,833,559,181
982: 494,61,402,906,137
983: 804,725,925,142,553,140
984: 1206,1088,528,95
985: 1003,355,779,393,888
986: 955,17,470,401,1038,1037
987: 88,272,931,890,1094,1171
988: 566,6,162,290,538,951
989: 69,734,578,1235,155
990: 769,357,179,323,718,209
991: 57,204,297,630,1044,883
992: 238,825,310,1090,356,331
993: 345,1060,694,311,1034,68
994: 445,881,546,869
1197: 760,757,808,1051,605,488,75
996: 1029,462,1187,941,521
997: 601,787,964
998: 334,953,156,256,769,1000
999: 286,1074,382,1211,512
1000: 769,357,1219,1023,998,156
1001: 545,765,239,1128,740,128,336,880,342
1002: 1194,474,294,743,1052,818,1125
1003: 985,355,888,40,834
1004: 485,1166,975,521,1130
1005: 1126,175,845,1113,51,930,967
1006: 249,564,236,257,143,15,872
1007: 407,561,420,709,228,631
1008: 349,159,207,139,22,1117,427
1009: 20,299,537,437,107,914,748
1010: 891,509,723,684,474,821,45
1011: 1123,532,106,394,1122,1116
1012: 1066,433,1052,208,765,618
1013: 292,34,210,962,1117,1129
1014: 56,224,573,50,222,767
1015: 244,580,551,180,1057,71
1016: 214,508,573,1030,547,222,176
1017: 844,1183,36,835
1018: 1190,55,620,634,686,1178
1019: 760,1041,763,46,3
1020: 630,1144,1213,436,315,900
1021: 263,622,678,799,257,847
1022: 40,685,238,356,832,360
1023: 1219,558,1000,540,1189,156
1024: 347,194,768,439,593,126
1025: 732,267,604,296,680
1026: 943,959,1177,405,924,865,897
1027: 470,164,391,733,648
1028: 595,525,1139,689,681
1029: 996,462,1187,619,29,965
1030: 1096,1046,1077,214,1016,176
1031: 423,1103,202,466,901,675
1032: 372,1168,1107,1174,73,849,1139
1033: 743,45,1052,840,208,717,366
1034: 993,1060,311,696,147,87,610
1035: 47,417,944,1205,1108
1036: 409,486,820,1084
1037: 1038,827,173,401,811,986
1038: 827,1037,230,955,986,1163
1039: 862,248,177,506,704
1040: 427,1042,252,500,207,10
1041: 760,757,1019,592,957,763
1042: 1040,252,500,1134,423,1103
1043: 1174,976,50,235,1107,56
1044: 630,1144,188,991,297
1045: 53,59,897,924,796,195,947,957
1046: 1096,1030,161,1081,1077,221
1047: 466,460,508,645,675,810
1048: 1232,1226,478,731,1087
1049: 867,1100,822,909,823
1050: 75,603,760,3,742,504
1051: 808,907,592,465,757,1197
1052: 743,1033,1002,208,1012,1066
1053: 835,671,714,1131
1054: 674,542,705,479,934,42,288
1055: 186,1209,694,797,77,68
1056: 1092,1098,270,1057,71,1093
1057: 270,1142,1056,1015,551,71
1058: 452,431,575,495,1159,1121
1059: 1213,1199,444,1082,1207,436
1060: 993,345,1034,550,225,696
1061: 1155,471,273,598
1062: 346,775,89,1126,877,51
1063: 691,201,1172,434,1083,1191
1064: 681,1154,372,1,448,64
1065: 645,352,840,146,414,717
1066: 1012,819,433,1052,1125
1067: 1142,285,446,49,1071,1161
1068: 1186,848,230,943,959,1163
1069: 1162,457,201,115,1072,1083
1070: 658,479,887,625,882
1071: 1161,41,764,1142,1067,482,551
1072: 115,1081,390,1069,1083,101
1073: 846,1229,804,725,292,614,693
1074: 286,999,1212,359,340
1075: 1150,1145,298,514,733,774
1076: 1186,923,1148,1191,89,515
1077: 346,756,775,221,1046,1030,176
1078: 336,740,24,525,971,1147
1079: 627,91,449,223,202,388
1080: 404,1193,964,76,150,322
1081: 390,1072,101,1046,161,221
1082: 416,576,383,444,1059,1207
1083: 101,1191,1069,1063,201,1072
1084: 820,734,72,319,1036
1085: 192,1210,439,545,342,253,312
1086: 1162,457,1156,1092,1098
1087: 1181,1048,554,731
1088: 984,969,528,738,524,54
1089: 587,7,160,337,442
1090: 1123,532,288,310,992,331
1091: 752,60,113,777
1092: 1098,1056,457,1086,1093,770,115
1093: 1112,71,692,770,1092,1056
1094: 660,890,1116,1122,1171,987
1095: 173,450,494,861,839,37
1096: 1046,1030,161,798,91,974,214
1097: 639,1230,912,544,240,933
1098: 1092,1056,67,1099,1086
1099: 814,67,501,270,285,1098
1100: 867,1049,909,1185,1132,936
1101: 317,777,579,634,60,1178
1102: 141,432,1109,1120,1137,1169
1103: 1031,423,1042,252,684,901
1104: 966,748,437,1136,806,467
1105: 482,1120,1137,890,41,764,88
1106: 827,70,381,959,1163,1177
1107: 233,56,1174,1043,73,849,1032
1108: 1153,1035,417,1198,1144
1109: 141,1102,894,1169,962,22,427,500
1110: 1167,550,786,1185,938,916
1111: 1155,471,565
1112: 71,692,1093,180,627,974
1113: 235,303,51,200,1005,930,967
1114: 1127,9,581,1223
1115: 814,939,685,666,1196,501,360
1116: 660,1094,403,1123,1011,1122
1117: 962,22,1013,693,1008,139
1118: 153,1138,1136
1119: 340,1164,512,1184
1120: 1137,1105,88,272,1169,1102
1121: 378,226,65,1058,495,1159
1122: 182,1011,1094,1116,1171
1123: 532,1011,1090,331,1116,403
1124: 717,1128,352,740,24,643
1125: 818,1195,1002,819,1066,644
1126: 1005,89,175,515,1062,51
1127: 1114,9,581,563,649,803
1128: 208,717,1124,740,765,1001
1129: 1169,962,210,272,931,1013
1130: 616,510,1004,975,818,1195
1131: 133,1053,714,1188
1132: 786,1185,507,333,1100,909
1133: 1156,952,350,939,67
1134: 141,432,449,519,1042,500,423
1135: 980,30,927,284,158,782,264
1136: 1138,437,1118,1104,467
1137: 482,1120,1105,703,580,432,1102
1138: 437,107,1136,1118
1139: 525,73,372,1032,1028,681
1140: 254,247,149,830,314
1141: 639,97,912,355
1142: 270,1057,285,1067,1071,551
1143: 291,338,322,505
1144: 630,1044,1020,1213,1198,1108
1145: 1075,1150,35,733,164,1172
1146: 680,211,1220,682,884,1216,1179
1147: 595,791,525,552,336,1078
1148: 853,101,1191,1076,346,221,89
1149: 455,710,929,1165
1150: 1075,1145,1180,774,876,1172
1151: 119,266,783,1184,1164,751
1152: 621,1166,407,245,631,941
1153: 188,413,1160,1108
1154: 689,681,556,1064,448,944
1155: 1111,471,1061,26
1156: 1180,1133,67,1162,1086
1157: 182,80,661,1171
1158: 646,932,170,1175,676,919
1159: 452,1058,378,1121,132,1182,707
1160: 188,1153,413,79,794,1190,55
1161: 1071,41,446,398,660,403,1067
1162: 1069,876,457,1086,1180,1156,201
1163: 959,230,1038,827,1106,1068
1164: 589,1119,1184,1151,751
1165: 1149,929
1166: 485,621,1004,1152,941,521
1167: 550,225,1110,1185,936,527
1168: 372,1032,1174,855,915,1
1169: 962,22,1129,272,1120,1102,1109
1170: 440,778,1212,193,179,327
1171: 661,1122,1157,1094,987,931
1172: 1063,201,1150,1145,35,876,434
1173: 672,523,420,269,846,518
1174: 976,855,1043,1107,1168,1032
1175: 1215,280,1158,932,676
1176: 554,731,328,301,588
1177: 513,1106,70,959,1026,865
1178: 60,116,1018,620,634,1101