0: 408,751,558,58,496,540
1: 681,1198,1168,1020,487,448
2: 258,298,724,104,461,426
3: 504,15,1050,46,760,763
4: 548,712,968,913,617,526
5: 650,942,953,844
6: 988,566,172,290,377,716
7: 442,337,587,730,361,572
8: 1267,874,590,653,121
9: 1127,307,543,1223,803,163
10: 1040,509,407,621,1152
1280: 1181,94,62,859
1209: 864,314,773,694,1055,186
1214: 753,498,348,586,677,608
1235: 578,734,989,402,906,155
15: 3,504,143,46,872,85
16: 736,38,842,66
17: 35,1145,470,164,434,986
1256: 1212,920,1074,1170,1282,193
19: 374,413,940,529,762,908
20: 299,1009,122,549,475,914
21: 106,394,674,1250,566,172
1152: 521,621,10,941,1187
23: 965,928,1262,945,754,795
24: 1147,224,1066,1124,740
25: 1203,476,305,1248,758
26: 165,1263,261
27: 604,1220,32,170,629,747
28: 1203,85,504,633,706
29: 996,1179,424,619,965,1262
30: 618,917,284,126,593,927
31: 807,181,529,65,727,940,782,316
32: 604,784,27,170,395,919
33: 55,762,807,226,376,866
34: 661,931,553,571,292,1013
35: 17,1145,1278,164,733
36: 227,671,683,1293,1183,1017,835
37: 783,811,137,861,494,512
38: 736,16,585,66,1215,1221
39: 921,190,259,148
40: 825,992,238,360,832,834
41: 551,1157,88,1169,1011,1122
42: 1054,310,1094,288,1116
43: 271,531,541,946,958
44: 358,103,112,458
45: 840,1125,975,1194,723,644,1195
46: 143,847,195,763,3,15
47: 1144,233
48: 657,468,1287,459,1225,109
49: 398,356,1116,1283,285,446
50: 976,222,1148,877,1041,1043,200
1270: 74,384,1275,1249,187
52: 966,1224,1104,806,129,697
53: 897,481,622,759,255,799
54: 669,524,738,1088,1251,1217
55: 33,762,908,686,794,620,866
56: 1032,1107,1051,855,1174,915
57: 816,204,579,883,297,991,1204
58: 878,496,0,641,540,713
59: 957,1197,592
60: 1255,113,174,1101,752,777
61: 1258,578,402,380,168
62: 94,282,1280,881,979,859
63: 393,612,238,242,250,825
64: 711,745,96,383,448,416,1089
65: 807,181,31,316,1058,226,495
66: 1215,280,16,38
67: 1261,774,1097,1246,457,692
68: 300,311,694,1055,993,77
69: 467,613,806,820,697,734,989
70: 266,119,848,959,1177
71: 1015,1057,244,1083,627,202
72: 365,422,1268,1266,1084,319
73: 573,1139,1046,1032,1174,1064
74: 1270,109,384,611,1249,160
75: 711,603,760,488,1050,605
76: 150,480,964,949,1080
77: 797,1055,300,68
78: 399,1267,1228,455
79: 413,188,908
80: 931,1253,182,1259,571
81: 308,602,922,301
1231: 386,795,822,647,247
1167: 584,507,823,909,1132
84: 904,628,263,678,249,564
85: 1203,476,28,872,504,15
86: 836,309,753,498
87: 815,624,451,610,696,1034
88: 446,1129,890,1169,1157,41
89: 877,1191,1019,235,1095,1005
1218: 1244,265,493,166
91: 1075,1150,810,1096,1115,460,767
1255: 116,113,60,1091,634,1101
93: 203,190,493,1275,1244,921
94: 282,412,62,554,1280,1181
95: 606,771,984,528
96: 1020,1059,605,711,64,448
97: 355,985,888,788,1284,639
98: 548,1204,213,816,396
99: 593,118,333,1024,194,786
100: 484,424,211,1146,972
101: 1162,1069,1071,1093,1056,1099
1250: 674,705,1070,21,542,288
103: 358,586,44,458,511,667
104: 724,544,933,1264,258,2
1269: 781,262,588,615,1039,409
106: 21,394,566,162,182,403
107: 1138,437,1118,537
108: 625,250,882,669,246,612
109: 1225,74,384,657,611,48
1196: 691,1113,1106,434,1027,191
111: 752,295,113,392
112: 520,458,261,44
113: 1255,116,60,295,752,111
114: 232,972,875,424,928,1262,750
115: 770,1093,457,1142,1180,1067,692
116: 1255,113,1091,729,620,295
117: 477,726,937,826
118: 593,99,927,786,1060,916
119: 70,266,408,341,496
1176: 554,731,328,478,301,588
121: 1240,1252,1228,8,1267,653
122: 599,885,549,20,216,475
1257: 881,785,852,979,327
124: 606,771,418,539,801,829
125: 271,362,956,805,902,480
126: 1135,439,1024,593,618,30
1290: 1246,501,1286,814
1238: 601,964,997,787
129: 243,728,697,52,1224,274
1217: 1251,163,410,543,738,54
131: 954,683,843,1293,198,904,720
132: 780,815,624,700,452,1182
133: 1131,1188,293,670
134: 425,438,1111,649,435,583
135: 486,570,308,421
136: 655,541,229,946
137: 861,1211,982,335,494,37
138: 418,539,536,477
139: 519,693,449,207,397
140: 368,725,142,197,343
1247: 153,1281,365,1268
142: 983,725,978,553,809,368,140
143: 678,847,46,249,872,15
144: 216,626,475,429,950,353
145: 203,187,190,970,277,259,400
146: 675,508,466,1031,901,1065,645
1288: 340,512,1119,861,999,1074
148: 851,39,259,387
149: 936,1285,1140,527,314,773
150: 322,338,902,480,76,1080
1182: 1159,452,132,780
1148: 1076,346,1005,877,1043,50
153: 1136,1247,1281,1268,467,613,319
154: 668,306,1239,1276,875,562
155: 906,453,1260,1265,1235,734
156: 334,998,198,1000,1189,1023
157: 506,664,382,704,359,286
158: 916,938,701,927
1287: 742,633,642,459,468,48
160: 1249,220,611,74,442,587
161: 1081,798,221,1062,1030
162: 538,988,566,106,182
163: 1217,410,9,543,1243,803
164: 470,1037,733,648,17,35
165: 26,1061,598,520,261,831
166: 493,695,963,1241,265,1218
167: 716,856,217,430,326,377
168: 755,380,456,243,728,61
1160: 188,1190,971,1144,1153,1178
170: 646,1158,919,629,582,27,32
1285: 936,149,1185,867,247,1140
172: 566,6,329,716,674,21
173: 401,839,811,827,959,381
174: 776,1101,317,60,1234,777
175: 848,230,235,1026
176: 352,1128,517,508,798,214,632
177: 704,248,359,369,850,862
178: 430,326,831,520,458,667
179: 327,546,718,778,990
180: 627,202,1079,1134,1042,1008
181: 65,31,316
182: 1259,403,106,538,162,1253,80
183: 746,581,565
1157: 1171,551,41,88,890,1120
185: 196,535,503,415,886,1239
186: 652,229,830,864,314,1209
187: 145,203,1270,1275,1249,970
188: 1160,1190,971,79,413,908,794
189: 895,949,306,362,857
190: 145,203,93,39,921,259
191: 434,923,986,1196,1106,1026
192: 618,917,439,1147,727,1210
193: 1170,1256,920,327
194: 819,1024,534,333,99
195: 799,957,847,46,763
196: 535,185,237,682,1216,503
197: 364,1222,1221,140,343
198: 334,156,1189,720,131,954
1145: 17,35,876,1097,434
200: 1006,1021,1041,976,50,257
201: 1133,1022,1096,1003,1115,1038
202: 180,627,1079,71,1083,974,423
203: 145,187,190,93,1275
204: 57,579,297,1018,634
205: 792,354,590,212,1227,948
206: 584,1049,462,945
207: 223,449,1134,139,397,1040
208: 1065,723,645,717,840,1002
209: 256,990,769,718,320,276
210: 1274,1013,804,292,1073,519
211: 680,1025,484,100,1146
212: 617,526,205,354,283,1227
213: 548,98,617,396,283,363
214: 1081,798,810,675,767,508,176
215: 663,813,607,856,325,217
216: 626,719,144,475,122,885
217: 856,167,873,215,607,326
1212: 862,1256,920,359,286,1074
219: 963,385,469,793
220: 1249,160,970,442,318,351
221: 1186,1068,1075,1081,161,1062
222: 976,50,1043,1068,1014,1107
223: 449,1134,207,432,244,627
224: 278,24,1147,1124,643,1210
225: 1110,527,696,550,1034,345
226: 495,807,65,33,376
227: 735,339,671,36,843,1293
228: 560,1279,267,1007
229: 541,652,186,864,136,655
230: 848,827,923,955,175
1234: 777,776,174,289
232: 114,424,1262
233: 1144,47,525,1001,1154,1035,268
234: 914,429,748,966,1224,721
235: 1095,175,405,1191,89
236: 249,564,872,735,476,758
237: 196,535,682,841
238: 63,985,825,40,834
1177: 848,70,513
240: 912,673,1242,626,950,544
241: 956,857,637,871,386,647
242: 63,250,934,310,825
243: 728,129,274,168,456
244: 1137,432,71,1015,482,223,627
1166: 821,975,509,684,621,1130
246: 669,524,790,854,108,612
247: 647,1140,1231,867,1285
248: 704,177,781,615,328,850
249: 564,236,872,84,678,143
250: 882,108,934,63,612,242
251: 302,978,375,836,899,567
1268: 365,72,153,1247,319
1283: 501,1273,285,832,356,49
254: 647,1140,637,961,830
255: 759,713,263,878,53,481
256: 769,209,320,953,998,650
257: 976,1006,200
258: 298,350,952,2,104,1264
259: 387,400,145,190,39,148
260: 597,1219,1170,440,778,357
261: 112,520,26,165
262: 781,588,1269,602,421,409
263: 759,713,255,84,628,678
264: 688,782,316,284,701
265: 670,1241,166,1218
266: 70,381,119,783,408,1164
267: 732,296,560,228,1029,1007
268: 643,1035,1012,1001,233
269: 846,1229,343,1289,1173
1150: 1075,91,1172,1115,1163
271: 43,531,125,805,902
1274: 210,1013,427,432,519
273: 1155,471,665,746,425,438
274: 557,721,1224,243,129
1191: 877,89,1041,235,405,303
276: 320,718,869,209
277: 379,400,970,145,318,411
278: 224,643,1210,374,568
279: 487,383,1082,1199,406
280: 66,1215,1175,932
281: 380,1037,648,391,450
282: 94,412,369,62,850,979
283: 838,363,1227,213,212,617
284: 917,30,927,782,264
285: 501,1283,814,49,446,1123,1169
286: 999,1074,157,382,359,1212
1190: 188,1160,1153,1018,297
288: 1094,532,1250,42,1054
289: 1237,776,1245,1234
290: 988,6,377,344,492,951
291: 1143,338,531,958
292: 983,804,553,34,210,1013
293: 1241,385,305,1188,133,670
1170: 440,1282,193,1256,778,260
295: 635,729,116,113,392,111
296: 732,267,1025,560,604,784
297: 57,204,1190,1153,991,1018
298: 258,350,2,426,1278,514
299: 20,1009,537,549
300: 311,68,993,77
301: 478,922,81,602,588,1176
302: 251,978,375,858,824,809
303: 845,865,405,1191,1041,897,1021
304: 318,411,351,702,792,354
305: 1248,1188,25,385,293
306: 154,668,562,189,895
307: 9,1127,1114,1111,803
308: 81,602,421,135
309: 836,899,86,842
310: 825,992,934,242,42,1054
311: 300,68,993,610,577
1249: 160,220,970,1270,74,187
1228: 121,1240,1267,78,455
314: 773,1209,1140,149,830,186
315: 968,900,1213,1044,883,712
316: 688,782,264,181,65,31,1058
317: 776,174,1101,816,579
318: 304,411,351,220,970,277
319: 820,1084,153,72,1268,613
320: 276,256,209,650
1193: 404,505,1192
322: 150,338,1080,505,472,1143
1154: 681,1198,1001,1028,525,233
1179: 996,29,941,1187,1029,619
325: 329,856,215,813,658,705
326: 178,430,831,873,167,217
327: 179,546,852,1257,193
328: 1176,781,248,412,850
329: 716,856,325,674,705,172
1186: 1043,1068,221,1163,1076,1075
331: 1094,532,398,1117,660
332: 392,483,635,707
333: 507,534,194,786,1132,99
334: 942,953,998,156,198,954
335: 137,1211,982,906,453
1267: 8,78,399,121,1228
337: 7,587,576,715,730,1207
338: 150,322,902,531,1143,291
339: 735,227,671,1248,758,714
340: 1119,589,1288,1074,440,1282
341: 513,119,878,496,481
1163: 1172,1076,1151,1150,1186
343: 269,1229,1289,140,725,197,364
344: 511,492,667,430,290,377
345: 993,1034,225,527,773,694
346: 1076,1151,515,1148,1005
1144: 47,417,1205,233,1035,1160,971,1178
348: 753,1214,358,586
1178: 1153,1292,1144,417,1108,1160
350: 258,298,952,1261,774,514
351: 318,304,442,220,361,702
352: 1128,517,176,573,1077,1085
353: 461,721,144,429,724,950
354: 792,205,702,304,212,526
355: 985,97,1230,639,685,834
356: 49,1116,992,832,1283
357: 990,769,1000,778,1219,260
358: 103,586,44,348
359: 704,177,157,286,1212,862
360: 685,832,939,834,40,1273
361: 702,913,572,442,7,351
362: 956,857,189,949,480,125
363: 863,283,838,213,662,396
364: 197,1222,343,1289,676,600
365: 422,72,1268,1247
1169: 1123,1011,285,446,88,41
367: 415,708,787,668,601,895
368: 585,567,140,978,142
369: 282,850,177,862,785,979
1225: 109,384,793,459,469,48
1207: 730,436,444,1082,576,337
1245: 662,396,776,289,1237
1199: 1108,406,279,417,525
374: 413,19,568,278,1210,940
375: 251,302,498,677,858,836
376: 635,866,33,226,483
377: 6,290,430,716,167,344
378: 707,483,1291,1121,1159
379: 277,387,400,411,874
380: 755,168,281,61,648
381: 266,173,783,811,959
382: 157,506,453,1211,286,999
383: 487,279,448,64,1082,416
384: 1225,1270,109,74,793,695
385: 963,1241,293,219,305
386: 1231,871,530,241,647
387: 259,379,400,148,851
388: 974,423,1047,460,1031,466
389: 651,948,1271,838,926,1227
1258: 61,402,982,494,450
391: 401,839,450,281,1037
392: 332,635,295,111
393: 63,612,854,779,888
394: 21,106,532,403,660
395: 600,919,560,672,784,32
396: 662,1245,98,213,363
397: 973,407,614,139,207
398: 49,1116,1094,331,1117,1129
399: 78,851,1267
400: 277,259,379,387,145
401: 391,839,173,1037,955,827
402: 1235,578,906,1258,61,982
403: 182,1259,106,394,987,660
404: 1193,1080,997
405: 235,1191,303,865
406: 1108,1199,279,1082,444
407: 420,973,397,10,631
408: 751,1164,0,266,119,496
409: 1036,1039,486,421,262,1269
410: 1251,1217,163,1236,1243,447
411: 318,304,277,379,792,874
412: 94,282,850,554,328
413: 374,79,19,568,188,971,908
1239: 154,668,185,1276,503,415
415: 367,708,886,185,668,1239
416: 1082,576,1089,64,383
417: 1144,525,1108,1199,1178
418: 539,138,536,124,656,829
419: 824,538,951,837,858
420: 407,631,1007
421: 308,602,135,486,409,262
422: 365,72,570,1266
423: 974,388,202,1079,1103,1031,466
424: 484,100,619,29,232,114,1262
425: 438,134,563,746,1111,273
426: 1278,1277,461,557,298,2,456
427: 1137,432,789,1274,1013
1226: 478,922,1232,1048
429: 914,234,144,475,721,353
430: 178,326,167,344,667,377
431: 700,575,701,688,624,451
432: 1137,427,244,1274,519,223,449
433: 840,1125,1002,545,768
434: 1027,191,17,1145,986,1196
435: 690,649,134,583,663,607
436: 730,1207,444,1044,900
437: 1138,107,1009,537,748,1104
438: 425,134,273,1061,583
439: 1135,740,126,1147,618,192
440: 1170,1282,340,589,597,260
1242: 673,1141,1284,240,912,639
442: 7,587,160,220,361,351
1189: 641,540,1023,156,198,720
444: 1207,436,1082,1108,406,1044
445: 859,881,852,994
446: 1129,88,49,285,1169
447: 887,690,1243,410,1236,663,813
448: 487,383,1020,96,64,1
449: 223,207,432,519,139
450: 391,839,281,1258,494
451: 624,87,696,938,701,431
452: 700,575,1121,132,1159,1182
453: 906,155,1260,506,382,1211,335
454: 507,534,463,584
455: 78,1240,1228,1149
456: 755,168,557,243,426,1277
457: 115,770,1142,1246,67,692
458: 112,520,178,103,44,667
459: 469,706,1287,633,48,1225
460: 1047,1096,388,91,810,767,466
461: 557,721,353,724,2,426
462: 616,996,965,945,206
463: 818,644,1195,1049,534,454
1165: 1149,929
1248: 305,758,714,1188,339,25
466: 675,767,146,423,388,460,1031
467: 69,613,806,1138,1136,153,1104
468: 657,715,48,1287,642,1089
469: 459,706,219,1225,793
470: 164,1037,17,923,986,955
471: 1155,273,1263,1061
472: 1192,505,322,1143
473: 741,863,926,905
1262: 965,928,23,424,29,232,114
475: 216,144,122,20,914,429
476: 1203,85,25,236,872,758
477: 117,937,138,536
478: 1226,922,301,1048,1176,731
479: 882,934,658,1070
480: 150,902,76,949,362,125
481: 53,897,341,513,878,255
482: 1161,1015,1105,1171,1137,244
483: 1291,635,376,707,378,332
484: 100,424,619,732,1025,211
1161: 1015,482,1057,1171,551,1112
486: 135,570,1266,421,409
487: 279,383,448,1,1198
488: 760,757,808,592,605,75
1236: 1251,410,887,447,625
1216: 680,682,196,503,1146
1224: 52,966,234,274,721,129
492: 344,511,290,837,608,951
493: 1275,166,695,1244,1218,93
494: 137,982,1258,839,450,37
495: 226,1291,65,1058
496: 58,878,119,408,0,341
1181: 1280,554,94
498: 753,1214,677,836,86,375
1187: 941,1029,1007,1152,1179
1155: 471,273,1272,665
501: 1273,1283,1286,814,285,1290
1219: 597,558,260,357,1000,1023
503: 1276,1216,196,185,1239
504: 3,15,1050,85,28
505: 1193,1080,322,1192,472,1143
506: 157,664,382,860,453,1260
507: 534,454,333,584,1167,1132
508: 675,767,146,214,645,632,176
509: 1040,10,684,1008,621,1166
510: 1049,616,521,1130,818
511: 344,492,667,103,586,608
512: 1119,1288,861,783,37
513: 341,1177,865,897,481
514: 298,350,1278,774,876
515: 1151,346,1005,1126,1113,1019
1265: 820,1084,860,734,155,1260
517: 352,1128,176,798,1030,573
1292: 1153,1213,1178,1044,1108
519: 1073,693,139,1274,210,432,449
520: 112,458,261,165,178,831
521: 621,1130,1152,941,616,510
1195: 818,644,463,975,45
1147: 24,224,740,439,192,1210
524: 669,246,54,1088,528,790
525: 417,233,1154,1198,1199
526: 212,617,702,913,4,354
527: 225,1110,936,149,773,345
528: 984,1088,606,95,524,790
529: 807,31,940,19,762
530: 750,871,928,386,795
531: 43,271,338,902,291,958
532: 1094,331,288,394,660
1220: 604,27,747,884,680
534: 507,454,333,644,463,819,194
535: 196,185,237,886
536: 418,138,477,937,656,659
537: 299,1009,437,107
538: 824,419,951,162,1253,988,182
539: 418,138,124,771
540: 641,1189,1023,0,558,58
541: 652,229,43,946,136
542: 1250
543: 893,738,1223,9,1217,163
544: 724,104,950,240,912,933
545: 1033,433,1002,768,1135,740
546: 179,327,718,852,869,994
1175: 1215,280,1222,1158,932,676
548: 712,1204,98,213,4,617
549: 599,122,20,299
550: 916,696,938,1060,225,1110
551: 1171,1157,41,1122,1112,1161
1244: 1218,493,93,921
553: 809,571,802,34,983,142,292
554: 1176,731,94,412,1181
555: 884,841,699,747
1149: 1165,710,1240,455,929
557: 274,461,426,456
558: 597,1219,751,0,540,1023
1251: 1217,410,1236,669,54,625
560: 672,228,395,784,267,296
1266: 486,570,422,72,1084,1036
562: 750,871,875,154,306,857
563: 746,581,1114,1111,425
564: 249,236,904,84,843,735
565: 892,1272,665,746,183
566: 988,6,172,21,106,162
567: 585,368,899,251,978,736
568: 374,413,278,643,1035,971
1192: 472,1193,505
570: 135,486,1266,422
571: 553,802,1253,34,931,80
572: 361,913,730,7,968,900
573: 73,1139,1077,1046,1030,352,517
1289: 269,343,364,600,672,1173
575: 700,452,431,1058,688,1121
576: 1082,416,1089,715,1207,337
577: 780,815,610,311
578: 1235,989,402,728,697,61
579: 57,816,204,634,1101,317
1151: 1076,515,346,1126,1172,1184,1163
581: 563,746,183,1114
582: 629,699,646,170
583: 598,873,438,134,435,1061,607
584: 206,1167,507,454
585: 368,567,736,38,1221
586: 358,103,511,1214,348,608
587: 442,7,337,611,160
588: 781,262,1269,602,301,1176
589: 340,1119,440,751,1164,597
590: 792,205,8,874,948,653
1230: 912,639,933,355,685,666
592: 808,1045,1197,59,957,757,488
593: 99,118,927,1024,126,30
1185: 936,1285,867,909,1100,1110
1246: 1290,1254,67,1261,457
1223: 543,893,9,1127
597: 1219,558,260,589,440,751
598: 583,873,165,1061,831
599: 122,885,826,549
600: 395,676,919,364,1289,672
601: 964,1238,367,787,895
602: 81,308,421,301,262,588
603: 711,745,75,1050,742,642
604: 784,27,1220,32,296,1025
605: 1059,96,808,488,711,75
606: 124,95,771,528,801,790
607: 215,663,435,583,873,217
608: 677,837,586,511,492,1214
1164: 408,751,783,1119,589,266
610: 815,87,993,1034,311,577
611: 657,109,74,587,160
612: 393,63,246,854,250,108
613: 467,69,153,820,319
614: 397,1279,846,693,1173
615: 781,1269,1039,664,704,248
616: 510,462,941,521,996
617: 212,526,548,213,4,283
618: 917,30,192,439,126
619: 484,424,732,1179,29
620: 729,866,55,686,116,1091
621: 521,1130,1152,509,10,1166
622: 53,799,924
623: 905,651,1233,800
624: 815,87,451,700,431,132
625: 882,108,1251,1236,669
626: 216,719,144,673,240,950
627: 180,202,244,71,223,1134
628: 904,84,720,641,713,263
629: 699,747,582,170,27
1261: 67,774,350,952,1246,1254
631: 1007,420,407
632: 645,717,508,1128,176,1078
633: 742,1287,28,459,706
634: 1018,204,579,1255,1091,1101
635: 729,376,866,295,483,332,392
1194: 821,975,723,1004,45
637: 956,241,805,254,647,961
1232: 1048,1226
639: 1230,912,1284,1242,355,97
1279: 614,1173,228,1007
641: 1189,540,58,713,720,628
642: 742,1287,745,603,1089,468
643: 268,1124,1012,278,224,568
644: 1195,463,1125,45,534,819
645: 632,717,508,146,1065,208
646: 1158,932,170,582
647: 254,247,1231,386,241,637
648: 164,1037,733,755,380,281
649: 690,803,435,1111,134
650: 5,256,320,953
651: 389,1271,1233,926,905,623
652: 541,961,229,830,186
653: 948,1271,590,8,121,1252
1204: 548,712,98,57,816,883
655: 136,229,864,797
656: 829,788,1284,418,536,659
657: 611,715,468,48,109
658: 887,813,479,325,705
659: 744,1141,536,937,656
660: 1117,987,394,532,331,403
661: 34,931,1102,789,1013
662: 1245,396,863,363,1237,741
663: 215,813,607,690,435,447
664: 157,506,1039,615,704
665: 565,1272,746,1155,273
666: 1264,1230,685,939,1254
667: 344,511,458,178,430,103
668: 154,306,1239,415,367,895
669: 524,246,54,1251,625,108
670: 265,133,1241,293
671: 339,227,36,1053,835,714
672: 560,1173,1289,395,600
673: 744,1242,1141,626,719,240
674: 705,1250,329,172,21
675: 767,508,466,146,1031,214
676: 600,919,1175,364,1222,1158
677: 837,858,608,498,1214,375
678: 143,847,759,263,84,249
679: 706
680: 211,1216,1220,682,884,1146
681: 1154,1,1198,1168,1064,1028
682: 884,841,680,1216,196,237
683: 131,954,1293,1183,36
684: 1042,1008,1010,509,1166,821
685: 360,939,834,355,1230,666
686: 1018,794,55,620,1091
1210: 727,940,278,1147,224,192,374
688: 316,264,701,575,431,1058
1275: 493,695,1270,203,187,93
690: 649,1243,803,435,663,447
691: 1126,1113,1196,1027,1086,1092
692: 1180,1067,67,1097,115,457
693: 1073,519,139,846,614
694: 773,1209,1055,993,345,68
695: 493,1275,166,963,384,793
696: 938,550,225,1034,87,451
697: 728,129,52,69,806,578,989
1188: 305,1248,714,1131,133,293
699: 629,747,582,555
700: 452,575,431,624,132
701: 938,158,688,264,451,431
702: 361,913,304,351,526,354
1241: 963,385,293,670,265,166
704: 248,177,359,615,157,664
705: 674,1250,1070,658,329,325
706: 459,469,679,1203,28,633
707: 378,483,332
708: 415,367,886,787
1272: 565,892,665,1155
710: 1240,1252,1233,800,929,1149
711: 745,603,75,64,96,605
712: 548,1204,4,315,968,883
713: 263,255,58,878,641,628
714: 1248,1188,339,671,1053,1131
715: 657,468,576,1089,337
716: 329,856,167,6,172,377
717: 645,632,208,1002,1078,1033
718: 179,546,869,990,209,276
719: 216,626,726,885,673,744
720: 904,628,641,1189,198,131
721: 274,461,353,234,429,1224
1184: 1172,1038,1086,1126,1151
723: 1065,1004,208,1194,840,45
724: 104,950,544,461,353,2
725: 804,142,140,1229,343
726: 117,937,885,826,744,719
727: 1210,940,917,192,782,31
728: 243,129,697,578,168
729: 635,620,866,295,116
730: 1207,436,7,337,900,572
731: 1176,554,478,1048,1087
732: 267,296,1025,1029,484,619
733: 164,648,1278,1277,755,35
734: 1235,989,69,820,1265,155
735: 339,227,843,564,236,758
736: 16,38,842,899,585,567
1183: 954,683,942,1017,844,36
738: 543,893,969,1088,1217,54
1227: 283,838,212,205,948,389
740: 1135,439,545,1066,24,1147
741: 473,662,863,1237
742: 1287,633,642,1050,603
1286: 501,1273,939,1290
744: 659,673,1141,726,937,719
745: 711,603,64,642,1089
746: 563,581,183,565,665,273,425
747: 629,699,27,1220,555,884
748: 914,234,1009,437,966,1104
1198: 1154,681,1,487,525
750: 871,530,562,114,875,928
751: 408,1164,0,589,597,558
752: 111,113,60,777
753: 498,1214,348,86
754: 23,945,795,822,823
755: 380,168,456,1277,733,648
1174: 1168,1064,915,56,1032,73
757: 760,488,763,957,592
758: 1248,236,735,339,476,25
759: 263,255,53,799,678,847
760: 757,488,763,3,1050,75
1159: 1182,452,1121,378
762: 55,33,908,19,807,529
763: 760,757,957,195,46,3
1168: 1174,1064,915,1020,681,1
1153: 991,1178,1292,1160,1190,297
1229: 269,846,343,804,725,1073
767: 675,508,466,460,91,810,214
768: 819,1024,433,1125,545,1135
769: 256,990,357,209,1000,998
770: 115,1093,457,1142
771: 124,606,95,539
1240: 121,710,1252,1228,455,1149
773: 314,1209,694,936,149,527,345
774: 67,1261,876,1097,350,514
1252: 121,710,1240,1271,1233,653
776: 174,317,1245,1234,289
777: 1234,60,174,752
778: 179,1170,260,990,357
779: 801,854,829,788,393,888
780: 132,577,815,1182
781: 262,588,615,1269,328,248
782: 316,264,917,284,727,31
783: 37,811,512,1119,381,266,1164
784: 604,32,395,560,296
785: 1257,979,369,862,920
786: 1132,1100,1060,333,99,118
787: 367,708,601,1238
788: 656,829,1284,779,97,888
789: 1105,661,1013,1137,427
790: 801,854,528,606,524,246
1263: 26,1061,471
792: 205,354,590,304,411,874
793: 1225,384,469,963,219,695
794: 686,1018,188,55,908
795: 1231,822,928,23,754,530
1278: 426,1277,298,35,514,733
797: 77,864,1055,655
798: 1081,161,214,1030,517,176
799: 195,924,53,622,759,847
800: 929,1233,710,623
801: 790,854,779,124,606,829
802: 553,809,571,824,1253
803: 690,649,1243,1111,9,307,163
804: 983,725,292,210,1229,1073
805: 956,637,271,125,961
806: 467,69,52,1104,697,989
807: 529,65,31,33,762,226
808: 855,1045,592,488,1059,605
809: 553,802,302,978,142
810: 1075,91,460,767,1081,214
811: 783,37,839,173,381
1213: 991,1292,1044,315,883
813: 215,663,658,887,447,325
814: 501,285,1290,1123,1142
815: 624,87,610,132,780,577
816: 57,579,1204,98,317
1233: 651,1271,710,1252,623,800
818: 1195,463,1130,975,1049,510
819: 768,1024,194,644,1125,534
820: 1084,319,1265,69,613,734
821: 1166,975,1194,684,1010,1004
822: 1231,795,754,867,823
823: 867,909,754,1167,822
824: 538,419,1253,858,302,802
825: 310,992,40,63,238,242
826: 599,885,117,726
827: 848,230,959,401,173,955
1284: 656,788,1242,1141,97,639
829: 656,788,124,418,801,779
830: 961,652,186,254,1140,314
831: 178,326,165,598,873,520
832: 360,992,40,356,1273,1283
1281: 1136,153,1247,1118
834: 360,685,238,355,985,40
835: 1053,1017,671,36
836: 309,899,86,498,251,375
837: 677,858,608,492,419,951
838: 863,283,363,926,1227,389
839: 391,401,173,450,494,811
840: 433,1125,45,1002,723,208
841: 555,682,884,237
842: 736,16,309,899
843: 131,1293,904,564,735,227
844: 1017,942,5,1183
845: 303,897,1021,924
846: 269,1229,1073,693,1173,614
847: 678,143,46,759,799,195
848: 827,230,959,70,175,1177
1173: 672,269,846,1289,614,1279
850: 282,412,369,328,248,177
851: 148,387,399
852: 881,1257,445,327,546,994
1172: 1115,1038,1184,1163,1151,1150
854: 801,790,779,246,393,612
855: 808,1045,56,1051,915,1059
856: 329,716,325,167,217,215
857: 362,956,241,871,562,189
858: 677,837,824,419,302,375
859: 445,62,1280,881
860: 1036,1084,1265,1260,506
861: 137,1211,999,37,512,1288
862: 1212,920,177,359,369,785
863: 838,363,926,662,741,473
864: 1209,1055,229,186,655,797
865: 303,405,513,897
866: 635,729,376,620,55,33
867: 823,909,822,247,1285,1185
1205: 1144,1035,971
869: 994,546,718,276
1237: 289,662,1245,741
871: 750,530,562,386,241,857
872: 249,236,143,15,476,85
873: 598,583,607,326,831,217
874: 8,411,379,792,590
875: 114,972,1276,154,750,562
876: 774,1097,514,1145
877: 1191,89,1041,1148,1005,50
878: 58,496,341,481,713,255
1222: 197,364,1221,1215,1175,676
1243: 690,803,163,410,447
881: 852,1257,979,62,859,445
882: 625,250,108,479,934
883: 57,1213,991,315,712,1204
884: 555,682,841,747,1220,680
885: 599,122,826,726,216,719
886: 415,708,535,185
887: 658,447,1236,813
888: 985,97,779,788,393
1271: 651,948,389,1233,653,1252
890: 1129,88,1109,1117,1120,1157
1260: 453,155,1265,860,506
892: 565,1272
893: 543,738,1223,969
1171: 551,1157,1105,1120,1161,482
895: 189,949,367,668,306,601
1221: 197,1222,38,585,1215
897: 53,481,513,303,845,865
1259: 182,403,987,931,80,1102
899: 836,309,251,736,842,567
900: 315,968,730,436,1044,572
901: 1103,1031,1010,146,1065,1004
902: 150,338,480,271,531,125
1203: 476,85,25,28,706
904: 84,720,628,131,843,564
905: 623,926,651,473
906: 453,155,1235,402,982,335
1162: 1003,101,1069,1099,1022
908: 55,762,79,413,19,188,794
909: 867,823,1167,1132,1100,1185
1264: 666,933,104,258,952
1206: 
912: 240,1230,639,933,1242,544
913: 361,702,572,968,4,526
914: 234,429,748,20,1009,475
915: 1174,1168,56,855,1020,1059
916: 938,158,550,1060,118,927
917: 618,30,284,192,727,782
1180: 1067,692,1097,115,1027,1092
919: 395,676,600,1158,170,32
920: 1212,862,1256,785,193
921: 39,1244,190,93
922: 1226,478,301,81
923: 986,955,470,191,230,1026
924: 799,957,845,622,1197
1143: 291,505,322,338,472
926: 863,838,651,389,473,905
927: 593,118,30,284,916,158
928: 23,1262,114,750,530,795
929: 800,710,1165,1149
1156: 1086,1092,1067,1003,1069
931: 34,661,80,1259,571,1102
932: 646,1158,280,1175
933: 1230,912,104,544,1264
934: 250,882,479,242,1054,310
1211: 137,861,335,453,382,999
936: 149,1285,1185,1110,527,773
937: 117,477,726,536,659,744
938: 916,696,158,701,550,451
939: 360,685,666,1273,1286
940: 727,1210,374,19,529,31
941: 1187,521,1152,996,1179,616
942: 334,953,5,954,1183,844
1282: 1170,440,1074,1256,340
1273: 501,1283,1286,360,832,939
945: 965,23,462,206,754
946: 958,43,541,136
1277: 426,1278,755,456,733
948: 389,1271,653,205,590,1227
949: 189,895,362,480,76
950: 724,544,626,144,240,353
951: 538,419,492,988,290,837
952: 258,350,1264,1254,1261
953: 334,942,998,256,650,5
954: 131,683,1183,334,942,198
955: 923,470,401,827,230
956: 362,241,857,637,805,125
957: 59,195,924,1197,592,757,763
958: 946,43,531,291
959: 848,827,173,70,381
1215: 66,280,1175,38,1222,1221
961: 652,830,637,805,254
1158: 646,932,170,1175,676,919
963: 1241,385,219,793,166,695
964: 601,997,1238,1080,76
965: 23,1262,945,996,29,462
966: 52,1224,1104,234,748
1276: 503,972,875,154,1239
968: 315,900,913,572,712,4
969: 984,1088,893,738
970: 1249,220,145,187,318,277
971: 188,1160,1035,1144,1205,413,568
972: 114,875,100,1276,1146
973: 407,397
974: 423,388,1083,1072,202,1047
975: 1166,821,1194,1130,818,1195,45
976: 222,50,257,1006,200,1107,1051
1253: 824,538,182,571,802,80
978: 251,302,809,368,567,142
979: 881,785,1257,282,369,62
1254: 1246,666,952,1261
1146: 211,680,1216,100,972
982: 137,335,494,402,906,1258
983: 804,142,292,553
984: 1206,969,1088,528,95
985: 355,97,888,238,834
986: 923,17,470,434,191
987: 1109,1117,660,1259,403,1102
988: 566,6,290,538,951,162
989: 1235,578,734,69,806,697
990: 769,357,209,179,718,778
991: 1153,1213,57,883,297
992: 310,825,40,832,356,1116
993: 1034,345,694,610,300,311,68
994: 869,852,445,546
1197: 1006,1021,59,957,924,592
996: 1179,29,941,616,462,965
997: 964,1238,404
998: 334,953,156,256,769,1000
999: 286,1074,382,861,1211,1288
1000: 769,357,1219,1023,998,156
1001: 1016,1012,1028,1154,268,233
1002: 840,433,208,717,545,1033
1003: 1162,1069,1156,201,1022,1038
1004: 1065,723,1010,901,821,1194
1005: 515,346,1148,1019,877,89
1006: 1197,200,976,257,1051,1045
1007: 1187,1029,631,228,420,1279,267
1008: 1042,684,1134,180,1040,509
1009: 20,299,537,437,914,748
1010: 1042,684,1103,901,821,1004
1011: 1071,1123,1169,41,1056,1122
1012: 1016,1001,1124,1052,643,268
1013: 1274,210,34,661,789,292,427
1014: 1046,1062,1068,222,1032,1107
1015: 1161,71,482,1057,244
1016: 1012,1001,1028,1139,1077,1052
1017: 844,1183,36,835
1018: 686,794,634,1190,204,297
1019: 1113,1106,1095,515,1005,89
1020: 1059,96,1168,915,1,448
1021: 1197,200,1041,303,845
1022: 1133,201,1099,1003,1162,1098
1023: 1189,540,1219,558,1000,156
1024: 819,768,194,1135,126,593,99
1025: 732,296,604,211,484
1026: 1095,191,923,1106,175
1027: 434,1180,1092,691,1196
1028: 1016,1001,1139,1064,1154,681
1029: 1187,1007,732,267,1179
1030: 1046,1062,161,798,517,573
1031: 1103,901,423,388,675,466,146
1032: 56,1107,1046,1014,73,1174
1033: 545,1078,1066,717,1002
1034: 993,345,225,696,87,610
1035: 268,1144,1205,233,568,971
1036: 1039,409,860,1266,1084
1037: 470,164,648,281,391,401
1038: 1172,1115,1184,1003,201
1039: 1036,409,615,1269,664
1040: 509,10,1134,207,1008
1041: 877,1191,303,50,1021,200
1042: 684,1008,1010,180,1079,1103
1043: 1186,1068,1076,1148,222,50
1044: 1213,1292,1108,436,444,315,900
1045: 808,855,592,1006,1051
1046: 1014,1062,1030,1032,573,73
1047: 460,1072,1133,1096,974,388
1048: 1232,1226,478,731,1087
1049: 510,818,463,206
1050: 3,504,760,603,75,742
1051: 56,1107,976,1006,855,1045
1052: 1124,1085,1077,1016,1012
1053: 835,671,714,1131
1054: 42,934,1070,310,288
1055: 864,1209,694,797,77,68
1056: 1090,1122,1099,1071,1011,101
1057: 1161,71,1015,1112,1063,1083
1058: 575,688,316,65,495
1059: 1020,96,605,808,855,915
1060: 786,1100,118,1110,916,550
1061: 165,1263,471,438,598,583
1062: 1046,1014,1030,1068,221,161
1063: 1083,1072,1098,1090,1112,1057
1064: 1174,1168,73,1139,1028,681
1065: 723,1004,208,901,146,645
1066: 1078,1033,1085,740,24
1067: 1180,692,115,1093,1069,1156,1092
1068: 1043,1186,221,222,1014,1062
1069: 1003,101,1162,1093,1067,1156
1070: 705,1250,479,1054
1071: 1123,1011,1093,1142,1056,101
1072: 1063,1083,1098,1133,974,1047
1073: 519,693,804,210,846,1229
1074: 286,999,1212,1256,340,1288,1282
1075: 91,1150,810,1186,221,1081
1076: 1151,346,1148,1163,1043,1186
1077: 573,1139,352,1052,1016
1078: 1033,1066,632,717,1128,1085
1079: 180,202,423,1042,1103
1080: 404,505,964,150,322,76
1081: 161,798,214,1075,810,221
1082: 416,576,279,383,406,1207,444
1083: 1063,1072,71,1057,202,974
1084: 820,319,1265,72,1266,1036,860
1085: 1052,352,1128,1078,1066
1086: 1156,1092,691,1126,1184
1087: 1048,731
1088: 984,969,528,738,524,54
1089: 416,576,745,64,642,715,468
1090: 1056,1122,1112,1099,1063,1098
1091: 1255,116,686,634,620
1092: 1156,1086,1180,1067,1027,691
1093: 115,770,1142,1071,1067,101,1069
1094: 532,331,288,42,398,1116
1095: 235,1026,1106,1019,89
1096: 1133,201,1115,1047,460,91
1097: 67,774,876,1145,1180,692
1098: 1063,1072,1090,1099,1133,1022
1099: 1056,1090,101,1162,1098,1022
1100: 786,1132,1060,909,1185,1110
1101: 174,317,634,579,1255,60
1102: 1259,1109,987,661,931
1103: 1031,901,1079,423,1042,1010
1104: 52,966,1138,437,748,467,806
1105: 1120,789,1171,1137,482
1106: 1113,1196,1019,191,1095,1026
1107: 56,1032,1051,976,222,1014
1108: 1199,406,417,444,1178,1292,1044
1109: 1117,987,890,1102,1120
1110: 225,527,1100,1060,936,1185,550
1111: 563,1114,307,425,134,649,803
1112: 1090,1122,551,1161,1057,1063
1113: 691,1126,1196,1106,1019,515
1114: 563,581,1111,1127,307
1115: 1172,1038,201,1096,91,1150
1116: 398,356,49,42,992,1094
1117: 1109,987,660,331,398,1129,890
1118: 1138,107,1136,1281
1119: 340,512,589,1288,783,1164
1120: 1105,1109,890,1171,1157
1121: 1291,452,575,1159,378
1122: 1056,1090,1112,1011,551,41
1123: 1071,1169,1011,814,285,1142
1124: 1052,1012,24,224,643
1125: 840,433,45,644,819,768
1126: 691,1113,1086,1184,1151,515
1127: 9,307,1114,1223
1128: 352,517,176,632,1078,1085
1129: 446,88,890,398,1117
1130: 521,621,1166,975,510,818
1131: 133,1053,714,1188
1132: 786,1100,1167,507,333,909
1133: 201,1022,1096,1072,1098,1047
1134: 223,207,180,627,1040,1008
1135: 740,439,126,545,768,1024
1136: 153,1281,1138,1118,467
1137: 427,432,244,1105,789,482
1138: 437,107,1118,1136,1104,467
1139: 573,73,1077,1064,1016,1028
1140: 254,247,149,1285,830,314
1141: 659,673,744,1242,1284
1142: 115,770,1093,457,814,1071,1123
1291: 483,495,1121,378
1293: 131,683,843,227,36