0: 408,751,597,558,496,540
1: 372,1032,1064,1168,487,915
2: 724,104,461,557,1075
3: 760,757,763,1041,75,603
4: 548,1204,712,968,526,617
5: 650,942,844
6: 988,566,377,172,716,290
7: 702,361,442,587,220,351
8: 18,590,653,205,121,948,1228
9: 1223,543,803,163
10: 1040,207,684,252,516,891,509
11: 981,529,609,807,559,762
1209: 345,694,225,773,186,314
1214: 753,498,586,348,608,677
14: 1015,244,324,870,1056
15: 85,143,257,1006,28,872
16: 736,38,842,66
17: 986,434,35,470,1145,1077,853
18: 8,590,184,874,1228
19: 609,908,940,188,79,794
20: 299,1009,549,122,475,914
21: 1011,106,172,674,329,566
22: 141,894,1109,1169,427,499
23: 795,754,928,965,114,424
24: 643,568,73,740,1124,971
25: 305,1203,476,679
26: 165,261
27: 604,32,1220,170,629,747
28: 1203,872,15,85,504,706
29: 484,619,1029,232,424,965
30: 1085,917,980,284,1135,927
31: 981,529,181,727,464,1085,980
32: 604,296,27,170,784,919
33: 1160,762,807,226,866,828
34: 789,80,571,925,292,1013,210
35: 1191,164,298,1145,1077,17
36: 835,1183,683,1017,227
37: 512,1095,450,861,494
38: 736,16,585,66,1215,1221
39: 921,190,259,148
40: 737,825,985,360,834
41: 1071,446,1105,398,1142,890
42: 288,934,242,310,992,1090
43: 271,531,541,946,958
44: 112,458,358,103
45: 723,840,1010,474,743,1033
46: 760,947,957,799,143,763
47: 1035,556,1205,83,944,574
48: 742,1019,633,1197,1050,109
49: 832,1098,270,1071,446,285
50: 767,56,1014,877,235,303
51: 303,1113,1126,1062,1005
52: 1150,721,1224,274
53: 231,897,481,255,195,1045
54: 543,738,969,528,1088
55: 297,686,620,188,1160,794,1190
56: 50,767,235,233,224,1043
57: 816,579,991,883,1204,712
58: 641,496,341,713,878,759
59: 678,263,255,847,1045
60: 116,1178,777,392,113,111
61: 281,168,69,402,494,982
62: 859,1181,94,979,282
63: 393,888,246,854,1022,612
64: 448,279,383,605,487,96
65: 226,833,316,495,1121,1058
66: 1215,280,16,38
67: 1180,814,1162,1081,1069,115
68: 797,77,186,1055,694,300
69: 613,578,728,989,402,61
70: 119,266,381,1163,1106,761
71: 1112,1056,180,1093,244,223
72: 422,319,1036,570,820
73: 233,1107,24,568,849,971
74: 970,220,384,611,442,160
75: 745,603,757,3,488,711
76: 150,480,601,964,949,1080
77: 797,68,694,300
78: 399,455
79: 188,1153,413,1205,908,19
80: 789,34,1157,1094,571,802
81: 308,602,922,301
82: 621,245,1152
83: 595,268,689,944,574,47
84: 904,720,628,1021,678,622
85: 15,143,763,504,1041,28
86: 753,498,836,309
87: 147,640,451,696,701,1060
88: 482,1137,890,1105,272,987
89: 756,775,176,877,515,1062,346
1218: 93,265,166,493
91: 974,627,547,1096,798,214,176
92: 614,693,846,139,561,518,973
93: 1218,493,921
94: 412,979,554,328,62,1181
95: 124,606,771,984
96: 745,605,711,64,383,416
97: 737,355,1141,779,489
98: 396,776,816,548,1204,317
99: 786,1132,333,194,330
100: 232,972,484,889,1179
101: 569,1077,853,221,722,749,691
102: 278,374,152,464,529,940
103: 358,586,458,44,667,511
104: 724,544,2,1196,258,1075
105: 453,155,860,615,906,335
106: 21,1011,566,162,182
107: 1138,437,748,537
108: 1070,882,250,612,669
109: 1225,48,459,633,469
110: 1139,849,1107,1032
111: 752,60,777,113
112: 520,458,44,261
113: 392,60,116,777,111
114: 232,972,424,23,928,750,530
115: 1069,770,390,67,1081,161
116: 60,1018,729,295,392,113
117: 477,726,937,826
118: 284,330,593,786,938,158,916
119: 70,266,408,1151,761,341
120: 192,342,768,545,880,253
121: 948,710,1228,8
122: 599,885,20,549,475,216
123: 169,397,127,159,207,898,516
124: 606,95,771,418,801,790
125: 271,805,362,956,902,480
126: 192,1210,439,1024,593,917
127: 349,139,1008,159,123,397
128: 740,522,1128,1078,1001,977,336
129: 274,461,1172,426,1083
1217: 1088,625,163,447,410,887
131: 954,1183,198,683,904,843
132: 707,378,1159,780
133: 1131,1188,385,670
134: 307,1061,649,690,583,435
135: 1036,570,308,421
136: 655,541,946
137: 861,982,906,335,382,1211
138: 539,536,477,937
139: 127,1008,92,693,973,397
140: 368,142,983,725,343
141: 22,894,500,703,1109,432
142: 140,368,978,553,983
143: 15,85,763,257,799,46
144: 950,626,475,216,353,429
145: 400,203,187,970,277
146: 723,840,684,901,1065,645
147: 640,87,610,1034,1060
148: 851,39,387,259
149: 247,527,936,254,830,314,1140
150: 902,480,322,338,76,1080
151: 365,319,153
152: 312,910,464,791,278,102
153: 806,467,1118,151,734
154: 668,306,185,503,875,415
155: 1084,734,860,906,989,105
156: 1189,1023,334,998,720,198
157: 453,177,594,286,382,359
158: 451,938,916,284,118,264,927
159: 127,349,207,499,123,516
160: 442,587,657,611,74
161: 201,722,443,287,1081,390,115
162: 988,566,106,824,538,182
163: 1217,9,543,803,447
164: 35,298,456,1063,1145,733
165: 26,261,598,831,520
166: 963,695,493,293,265,1218
167: 430,377,326,217,716,215
168: 281,61,380,578,497
169: 407,171,123,397,898,516
170: 1158,582,919,629,32,27
171: 407,169,245,898,621,485,1194
172: 716,856,329,566,6,21
173: 827,811,839,648,391,1027
174: 317,777,1101,776,752,1091
175: 515,1126,1148,848,943,405
176: 756,89,775,91,547,1016,222,214
177: 157,453,664,615,594,248
178: 430,667,326,831,520,458
179: 546,852,323,327,1170,778
180: 1112,71,627,1079,223,798
181: 31,981,1085,980,559,782
182: 1116,1094,162,106,824
183: 746,425,438,665
184: 18,874,387,851,399
185: 196,535,503,415,886,154
186: 1055,314,1140,1209,694,68
187: 695,793,384,970,145,203
188: 1153,79,19,794,297,55
189: 895,949,306,362
190: 400,203,39,921,259
191: 1046,853,955,434,654,1030,923
192: 120,1210,342,768,126,439
193: 1212,920,359,862,785,327
194: 534,1024,507,333,99,330
195: 947,199,796,53,231,897,903,1045
196: 535,185,237,1216,503
197: 368,585,343,1222,1221
198: 131,954,156,334,904,720
199: 195,947,796,957,930,465,817
200: 930,967,1005,1113,976,907,772
201: 722,287,161,691,876,1072,1081
202: 388,1079,449,423,466,1031
203: 145,190,187,695,493
204: 579,991,1044,297,686,634
205: 653,1089,792,8,590
206: 521,616,510,945,1130,1125
207: 10,1040,499,159,123,516,891
208: 414,275,366,717,1128,239,1001
209: 256,990,769,718,320,276
210: 1013,789,34,661,1120
211: 484,619,1025,1146,680
212: 283,526,617,354,1089
213: 838,363,548,283,617,396
214: 508,222,798,91,627,547,176
215: 716,856,217,813,607,167
216: 626,475,144,122,885,719
217: 873,607,326,167,215
1212: 920,193,327,1170,440
219: 293,385,679,469,963
220: 74,442,7,351,318
221: 692,722,749,691,569,101,373,853,974,1096,1046
222: 508,214,775,176,573,1014
223: 1079,449,244,71,180,519
224: 233,810,767,56,517,568
225: 550,773,696,1209,345,1060
226: 807,833,65,33,1121,828
227: 843,339,671,683,835,36
228: 267,709,560,1173,420,631
229: 541,652,1055,655,864
230: 1148,923,955,1038,1076,848,959
231: 53,897,903,195,796
232: 114,972,424,100,484,29
233: 1107,73,224,1043,56,568
234: 721,429,914,1009,1104,1224
235: 303,1113,50,56,1043,976
236: 1006,564,735,872,476,758
237: 196,535,1216,841
238: 310,360,992,666,501,685
239: 545,880,1208,1001,208,366,765
240: 673,912,950,626,1097,544
241: 871,530,386,857,647
242: 310,250,825,888,42,934
243: 1172,1150,578,728,497
244: 324,14,870,71,1056,519,449,223
245: 407,171,1007,1152,82,621
246: 669,524,1003,1022,612,63
247: 149,936,254
248: 594,850,664,781,262,177
249: 257,847,678,1006,564,622
250: 108,882,612,825,888,934,242
251: 302,978,375,836,899,567
252: 684,1103,1042,10,1040,509
253: 552,868,977,880,120,342,312,910
254: 647,637,247,149,830
255: 59,263,759,513,53,481,1045
256: 769,209,320,953,650
257: 799,847,249,1006,15,143
258: 350,952,104,1133,514,1075
259: 379,387,190,400,39,148
260: 1170,440,778,589,597,1219
261: 26,165,112,520
262: 781,588,664,409,248
263: 59,678,255,759,713,628
264: 1135,688,927,451,158,701
265: 670,293,166,1218
266: 119,70,381,783,1151
267: 732,709,228,1025,560,296
268: 83,595,1147,791,278,574
269: 523,1073,364,846,1229,1173
270: 1098,1092,49,285,1057,939
271: 43,531,125,805,902
272: 931,987,88,1137,1102,1109
273: 307,1061,438,425,1155,471
274: 461,557,129,721,1172,52
275: 414,208,366,1033,1052
276: 320,718,869,209
277: 379,411,145,400,318
278: 374,574,102,268,152,791
279: 448,406,64,383,1082,444
280: 66,1215,932
281: 168,61,450,380,391,494
282: 979,506,62,859,1039,369,445
283: 212,617,213,838
284: 330,118,593,917,30,158,927
285: 551,1057,939,49,270,1071,764
286: 999,382,157,920,359
287: 692,201,722,443,161,390
288: 42,934,1054,542,394,1090
289: 741,662,863,363
290: 492,951,344,377,988,6
291: 1143,338,531,958
292: 1013,34,804,925,1117
293: 219,385,265,670,963,166
294: 636,975,474,1194,818,743,1002,433
295: 332,635,729,116,392
296: 604,32,784,560,267,1025
297: 55,686,188,1153,1044,204
298: 1191,164,35,350,456,514,774
299: 20,1009,549,537
300: 311,993,77,68
301: 731,922,81,602,588,1176
302: 251,978,858,375,809
303: 235,1113,51,877,1062,50
304: 351,318,354,411,1089,792
305: 714,25,1188,758,476
306: 154,668,875,562,189,895
307: 134,1061,273,563,425,649
308: 81,602,421,135
309: 836,899,86,842
310: 238,242,360,992,825,42
311: 300,993,1034,577
312: 727,152,910,464,253,342
1228: 121,8,18
314: 186,1140,149,527,773,1209
315: 968,572,900,883,1020,712
316: 1135,688,833,782,65,495
317: 1101,174,816,98,776
318: 351,304,220,277,411
319: 365,422,151,72,1084,820
320: 276,256,209,650
321: 1103,1042,423,1134
322: 150,338,1080,404,505,1143
323: 179,546,852,718,778,990,357
324: 1015,244,14,580,519,432
325: 329,705,813,658,856
326: 178,430,167,831,873,217
327: 785,1212,193,1170,179,852
328: 1176,554,781,850,412,94
329: 674,325,705,172,856,21
330: 284,118,593,194,1024,786,99
331: 403,532,398,1090,356
332: 295,635,729,1182
333: 507,584,463,194,909,1132,99
334: 942,953,998,156,954,198
335: 906,105,453,137,382
336: 552,977,128,1078,1147
337: 730,436,1207,715,587
338: 150,902,322,531,1143,291
339: 843,227,735,671,714,758
340: 589,1119,1074,1164,440
341: 58,496,878,119,408,761
342: 192,120,1210,253,727,312,910
343: 1222,140,197,725,364
344: 511,492,290,430,667,377
345: 1209,694,993,1060,225,1034
346: 515,1062,1030,1148,756,89
347: 1012,618,819,454,918,534
348: 358,586,753,1214
349: 127,1008,159,962,427,499
350: 258,952,514,774,1072,298
351: 304,318,220,7,702,354
352: 1065,645,632,643,717,1124
353: 950,144,721,429,724,557
354: 702,351,304,212,1089
355: 97,737,639,489,834
356: 501,832,992,331,398,1090
357: 990,769,778,323,1219,1000
358: 103,586,348,44
359: 920,193,862,157,594,704,286
360: 238,310,825,40,834,666
361: 7,702,913,730,587,572
362: 956,189,949,480,125
363: 863,213,838,662,396,289
364: 269,523,1229,600,343
365: 422,319,151
366: 414,208,275,1052,765,239
367: 415,708,668,601,787,895
368: 140,567,197,142,585,978
369: 1039,785,506,282,862
1225: 384,109,469,793
1207: 337,436,576,715,1082,1059
372: 1,1032,1064,1139,1028,681
373: 569,221,1046
374: 278,574,102,1205,908,940
375: 677,858,498,836,251,302
376: 866,635,729,828,483,1018
377: 430,167,716,290,344,6
378: 483,1121,1159,132,707,1182
379: 277,874,387,259,411,400
380: 281,168,391,755,497,648
381: 70,266,783,1186,1163
382: 286,999,1211,335,157,453,137
383: 279,64,96,416,576,1082
384: 1225,611,187,793,970,74
385: 219,293,1188,133,670
386: 822,241,647
387: 874,379,259,851,148,184
388: 202,1079,508,798,466,460
389: 926,1227,863,838
390: 770,115,443,287,161,1093
391: 281,450,380,648,173,839
392: 113,60,116,295
393: 985,888,63,854,1022,779
394: 1011,674,542,288,532,1123
395: 676,784,919,600,523,672
396: 662,98,776,548,213,363
397: 407,169,123,127,139,973
398: 403,331,356,832,1142,446,41
399: 78,851,184
400: 145,190,277,379,259
401: 986,1038,470,1027,827,1037
402: 906,989,69,61,982
403: 532,331,398,1123,660,1142
404: 1080,1193,1192,322,505,472
405: 924,845,1026,943,175,1126
406: 448,279,1154,556,444,417
407: 171,169,397,245,973
408: 751,0,1151,119,496,341
409: 664,486,1036,421,262
410: 658,887,479,1217,625,1070
411: 277,874,379,304,318,792
412: 94,979,506,328,850,704
413: 1153,79,1108,1035,1205,1198,908
414: 208,275,366,717,840,1065,1033
415: 367,708,886,185,154,668
416: 468,576,745,642,96,383
417: 444,1199,1198,406,1035,556
418: 539,536,124,771,801,656
419: 837,858,951,538,1122
420: 561,518,1007,1173,228,631
421: 308,602,135,1036,409
422: 365,319,72,570
423: 1134,202,449,1103,321,1042,1031
424: 232,114,29,23,965
425: 563,746,183,438,307,273
426: 456,514,1075,461,129,1063
427: 1169,962,22,894,349,499
1226: 478
429: 721,234,914,475,144,353
430: 178,667,377,326,167,344
431: 575,495,701,688,640
432: 519,1134,580,324,141,500,703
433: 1066,819,294,818,1002,1012
434: 986,955,17,1077,853,191
435: 663,607,134,690,583
436: 730,337,1207,1213,1059,900
437: 1138,748,107,1118,1104,1136,467
438: 665,565,183,425,471,273
439: 192,1210,768,126,918,1024
440: 1170,260,1212,340,589
441: 808,1051,1168,605,915,488
442: 587,160,74,220,7
443: 692,287,161,390,1112,1093,974
444: 1199,417,1059,406,279,1082
445: 881,282,859,1039
446: 1071,41,398,832,49
447: 803,690,1217,163,663,887
448: 406,279,64,1064,487,1154
449: 202,1079,223,244,423,519,1134
450: 281,391,494,839,37
451: 696,938,158,701,264,87
452: 780,815,700,575,1159
453: 157,105,177,615,335,382
454: 507,463,819,644,347,918,534
455: 1149,78
456: 426,514,1063,164,298
457: 870,1057,939,1069,770,1056
458: 112,520,44,178,667,103
459: 679,633,469,706,109
460: 810,1047,573,388,508,466
461: 274,557,129,2,426,1075
462: 945,1029,996,616,965
463: 507,584,333,454,644,1130,823
464: 727,152,312,102,31,981,529
465: 930,817,199,957,907,1051,592
466: 1031,675,388,202,460,1047
467: 806,153,437,1118,1136
468: 416,576,715,642,1197
469: 459,679,219,1225,109,963,793
470: 1145,1027,827,401,986,17
471: 1155,1111,438,565,273
472: 505,404,1192
473: 741,863,926,905
474: 636,294,1194,821,1010,45,743
475: 144,216,122,20,429,914
476: 1203,872,236,305,25,758
477: 117,726,937,138,536
478: 731,922,1226
479: 658,410,1070,882,705,1054
480: 150,902,76,949,362,125
481: 53,897,865,513,255,759
482: 580,88,1137,1105,764,1015
483: 378,1121,635,376,828,1182
484: 619,29,211,232,100
485: 621,1166,171,975,1194
486: 860,664,615,409,820,1036
487: 605,915,1,1064,448,64
488: 605,711,1051,441,757,75
489: 1097,788,912,97,355
1216: 682,841,196,237
1224: 1104,966,721,234,52
492: 608,511,951,290,344,837
493: 166,695,93,1218,203
494: 861,982,281,61,450,37
495: 431,575,316,688,65,1058
496: 58,641,341,408,0,540
497: 755,1083,243,578,168,380
498: 753,1214,86,677,375,836
499: 1040,207,427,22,894,349,159
500: 141,894,703,1134,432,1042
501: 356,832,238,992,1098,685
1219: 597,558,1000,260,778,357
503: 889,875,196,185,154
504: 85,1041,28,742,706
505: 472,404,322,1143
506: 412,979,282,704,862,369
507: 584,333,463,454,644,534,194
508: 222,798,214,388,460,573
509: 723,10,684,252,891,1010
510: 521,616,206,1004,1130
511: 608,492,344,667,103,586
512: 37,1095,1184,1068,783
513: 1106,761,878,481,865,255,759
514: 426,456,1075,258,350,774,298
515: 175,1126,1062,346,1148,89
516: 898,821,891,159,10,207,169,123
517: 643,568,810,1047,767,632,224
518: 420,561,846,614,92,1173
519: 1134,432,244,324,449,223
520: 112,458,165,261,831,178
521: 616,510,206,1166,941,1004
522: 740,1128,128
523: 269,364,600,395,672,1173
524: 669,246,1003,528,1088
525: 1139,849,971,1078,698,1028
526: 212,617,968,702,913,4
527: 149,936,1167,773,314
528: 969,54,1088,524,1003
529: 31,981,11,464,102,609,940
530: 750,871,241,114,928
531: 43,271,902,338,291,958
532: 403,331,1090,1123,394
1220: 604,27,747,884,680
534: 918,194,1024,347,507,454
535: 196,185,237,886
536: 418,539,138,477,937,656,659
537: 299,1009,748,107
538: 824,951,988,162,419
539: 418,138,536,771
540: 1189,1023,0,558,641,496
541: 652,229,43,946,136,655
542: 674,705,288,1054,394
543: 893,738,54,1223,9,163
544: 724,104,1196,240,950,1097
545: 880,239,618,765,120,768
546: 179,852,323,718,869,994
547: 1096,1016,91,214,756,176
548: 4,1204,617,98,396,213
549: 20,299,599,122
550: 1167,225,1110,696,938,916
551: 870,285,1057,1071,764,1015
552: 868,977,336,253,1147,910,791
553: 809,571,802,142,983,925
554: 1176,328,1087,94
555: 682,841,884,699,747
556: 1035,47,1154,944,406,417
557: 274,461,353,721,724,2
558: 597,1219,1000,0,1023,540
559: 807,833,782,981,11,181
560: 672,1173,784,296,267,228
561: 420,518,973,1007,92
562: 750,871,875,306
563: 746,425,1127,581,307,649
564: 236,1006,622,1021,249,735
565: 438,892,665,1111,471
566: 988,6,162,172,21,106
567: 368,585,899,251,978,736
568: 24,517,643,233,73,224
569: 101,373,853,221,1046
570: 135,1036,422,72
571: 553,802,80,34,925
572: 315,968,900,730,913,361
573: 810,460,508,222,767,1014
574: 278,374,83,268,47,1205
575: 700,431,495,640,1058,1159,452
576: 468,416,715,1082,383,1207
577: 624,610,1034,311
578: 728,69,243,497,168
579: 816,57,204,991,634,1101
580: 482,1137,1015,324,703,432
581: 1114,1127,563,746
582: 646,170,629
583: 598,873,134,1061,435
584: 507,333,463,1100,823,909
585: 368,567,197,736,38,1221
586: 358,103,348,608,511,1214
587: 442,160,730,337,7,361
588: 781,262,602,301,1176
589: 340,1164,440,260,751,597
590: 8,18,874,205,792
591: 595,698,1147
592: 760,757,465,957,907,1051
593: 284,330,118,1024,126,917
594: 850,704,248,157,177,359
595: 83,591,268,698,1028,1147,689
1223: 1114,9,543,893
597: 1219,558,589,260,751,0
598: 831,873,583,1061,165
599: 122,885,826,549
600: 1222,523,364,395,676
601: 997,787,964,367,895,76
602: 81,308,421,301,588
603: 745,642,75,3,1041,1019
604: 296,32,1220,27,1025,680
605: 487,915,488,711,441,96,64
606: 124,95,984,1003,790
607: 435,663,813,217,215
608: 511,492,586,1214,677,837
609: 19,940,981,529,11,794,762
610: 147,640,1034,700,577,624
611: 384,657,1050,160,74
612: 108,250,669,246,888,63
613: 728,69,806,697,734,989
614: 92,693,1117,1073,846,518
615: 860,664,486,105,453,177
616: 521,510,206,941,945,462,996
617: 212,283,526,548,4,213
618: 1012,347,765,545,918,768
619: 484,29,211,732,1029
620: 55,686,1160,866,1190,1018
621: 82,1166,941,485,171,245,1152
622: 564,678,84,1021,847,249
623: 905,651,710,800
624: 577,610,700,815
625: 1088,1217,669,410,1070
626: 950,144,216,719,673,240
627: 91,974,1112,180,798,214
628: 84,720,641,713,1189,678,263
629: 699,747,582,170,27
630: 1144,883,1020,1044,1108,991
631: 1187,420,1007,709,228
632: 645,352,675,1047,517,643
633: 459,706,742,48,109
634: 686,579,204,1190,1178,1101
635: 376,729,483,1182,332,295
636: 975,474,294,1194
637: 254,647,956,857,805,961
638: 1156,1115,1099
639: 355,933,1099,834,1115
640: 147,87,610,701,700,431,575
641: 58,496,713,1189,540,628
642: 745,603,1019,468,416,1197
643: 24,517,568,352,632,1124
644: 1066,819,1130,507,463,454
645: 1065,352,632,675,901,146
646: 1158,582,932
647: 254,637,241,386,857
648: 755,380,391,1027,733,173
649: 803,690,563,1127,134,307
650: 5,256,320,942
651: 926,948,710,905,623
652: 541,961,229,830
653: 205,8,1227,948
654: 1030,923,191
655: 136,541,229,864
656: 829,1141,659,418,536,801
657: 1050,715,611,160
658: 410,887,479,813,325
659: 656,1141,536,937,788,744
660: 1142,1067,403,1123,1116,1161
661: 931,1171,789,210,1120
662: 396,776,363,289
663: 435,813,607,447,690,887
664: 486,615,409,262,177,248
665: 438,892,565,183
666: 1099,834,238,360,685,1086
667: 178,430,458,103,511,344
668: 154,306,415,367,895
669: 524,246,625,108,1070,612
670: 265,133,293,385
671: 339,227,1053,835,714
672: 560,1173,523,395,784
673: 719,788,744,240,912,626
674: 329,705,542,21,1011,394
675: 466,1031,901,1047,645,632
676: 395,919,1175,600,1158
677: 837,858,375,608,498,1214
678: 59,263,84,628,847,249,622
679: 459,469,706,1203,25,219
680: 1146,604,1220,1025,884,211
681: 689,1154,372,1064,1028
682: 555,1216,841,884,1146
683: 131,1183,843,227,36
684: 252,1103,10,901,723,509,146
685: 1098,1092,1086,238,666,501
686: 297,55,620,634,204,1190
1210: 192,342,126,439,727,1085,917
688: 264,1135,316,701,431,495
689: 681,1154,944,83,595,1028
690: 649,803,447,134,435,663
691: 221,201,722,749,876,1191,1077,101
692: 221,722,443,287,974,1096
693: 614,92,1117,139,1008
694: 1209,345,993,186,77,68
695: 187,963,166,493,793,203
696: 451,938,550,225,1060,87
697: 806,966,1136,613,728
698: 591,595,1028,1147,1078,525
699: 629,747,555
700: 575,640,610,624,815,452
701: 451,264,688,640,87,431
702: 7,913,361,354,351,526
703: 141,500,1109,580,1137,432
704: 594,850,412,506,359,862
705: 674,325,329,542,479,1054
706: 459,679,633,504,1203,28,742
707: 132,1182,378,1159
708: 415,367,886,787
709: 732,267,228,631,1187
710: 121,948,651,623,800
711: 605,488,745,96,75
712: 4,1204,883,315,968,57
713: 58,641,263,759,628
714: 305,1188,758,339,671,1053,1131
715: 468,576,657,337,1207
716: 172,856,215,377,167,6
717: 414,208,1065,352,1124,1128
718: 546,323,869,990,209,276
719: 744,673,726,885,626,216
720: 904,84,628,156,1189,198
721: 234,429,353,1224,274,557,52
722: 221,692,201,749,287,161,691,876,101
723: 840,509,146,45,684,901,1010
724: 104,544,2,950,353,557
725: 983,804,140,343,1229
726: 117,477,937,885,826,719,744
727: 312,464,1210,342,1085,31
728: 613,578,69,697,243,1150
729: 635,376,116,1018,332,295
730: 337,436,587,572,900,361
731: 478,922,301,1087
732: 267,709,1025,619
733: 1145,1027,755,648,1063,164
734: 155,1084,806,153,613,989
735: 843,339,1021,236,564,758
736: 16,38,842,899,567,585
737: 97,355,40,779,985,834
738: 543,893,54,969
1227: 389,653
740: 522,1124,1128,128,1078,24,971
741: 289,473,863
742: 48,1019,504,1041,633,706
743: 1033,1002,45,474,294
744: 719,788,673,726,937,659
745: 642,96,75,603,711,416
746: 563,183,425,581
747: 629,699,1220,27,555,884
748: 437,107,1009,537,1104
749: 221,722,691,101
750: 871,530,562,875,114,972
751: 408,0,1151,589,1164,597
752: 111,777,174,1091
753: 498,1214,86,348
754: 795,23,965,945,1195,1125
755: 497,648,1083,1063,380,733
756: 89,775,176,547,1016,1030,346
757: 592,760,3,1051,488,75
758: 305,714,236,339,735,476
759: 263,255,513,58,713,878,481
760: 592,46,757,3,957,763
761: 1106,513,119,70,341,878
762: 1160,33,794,11,609,807
763: 85,143,1041,760,46,3
764: 1071,1105,551,285,482,1015
765: 1012,618,1052,366,545,239
1229: 269,1073,364,804,725
767: 50,56,1014,810,573,517,224
768: 192,120,439,618,545,918
769: 256,990,357,209,1000,953,998
770: 1069,390,115,457,1056,1093
771: 124,95,418,539
772: 808,907,1113,200,976,855
773: 1167,225,527,314,1209
774: 876,1072,350,514,1191,298
775: 756,89,176,877,222,1014
776: 662,98,396,317,174,1091
777: 1101,174,60,1178,113,752,111
778: 1170,260,179,323,1219,357
779: 829,854,393,985,97,737
780: 815,452,1159,132
781: 262,588,1176,328,850,248
782: 833,559,980,181,1135,316
783: 266,381,1068,512,1184,1151
784: 395,919,560,672,296,32
785: 1039,369,327,193,862,852
786: 1132,99,1110,330,118,916
787: 601,997,367,708
788: 744,673,912,1141,659,489
789: 80,34,1157,661,1171,210
790: 801,854,1022,124,606,1003
791: 152,910,552,268,1147,278
792: 205,1089,304,874,411,590
793: 187,963,695,469,1225,384
794: 1160,762,609,19,188,55
795: 754,23,928,1195,822
796: 195,199,924,231,897,903,930,967,817
797: 864,77,68,1055
798: 508,214,180,91,627,388,1079
799: 257,847,1045,947,46,143
800: 929,710,623
801: 790,854,124,418,656,829
802: 553,809,571,1122,1094,80
803: 649,447,690,1127,9,163
804: 983,725,925,292,1073,1229,1117
805: 271,125,956,637,961
806: 697,153,467,734,613
807: 226,833,559,11,33,762
808: 907,772,1051,441,855,1168
809: 553,802,1122,302
810: 460,1047,573,767,517,224
811: 173,827,839,1068,1037,1186
1213: 1199,1059,436,1144,1020,900
813: 663,607,658,887,856,215,325
814: 67,1162,1092,939,1069
815: 780,452,700,624
816: 57,579,1204,317,98
817: 930,465,199,796
818: 975,294,1066,433,1004
819: 1066,433,644,1012,347,454
820: 860,486,319,72,1036,1084
821: 898,516,891,1010,474,1194
822: 386,795,1049
823: 1100,1125,1130,584,463
824: 538,1122,162,182,1094
825: 985,888,250,40,242,310,360
826: 599,885,117,726
827: 173,811,470,1027,401,1037
828: 866,376,226,33,483,1121
829: 656,1141,779,801,854
830: 961,652,254,149,1140
831: 598,873,165,520,178,326
832: 356,501,49,398,1098,446
833: 807,226,559,782,65,316
834: 1099,666,737,355,40,639,360
835: 1053,36,227,671
836: 309,899,498,86,375,251
837: 677,858,419,608,492,951
838: 863,213,363,283,389
839: 173,811,1068,450,391
840: 723,146,45,1065,1033,414
841: 555,682,1216,237
842: 736,16,309,899
843: 339,227,735,131,683
844: 1017,942,5,1183
845: 405,924,1026,1126,967,1005
846: 269,1073,614,92,1173,518
847: 257,799,249,1045,59,678,622
848: 943,959,1148,230,175
849: 525,1139,971,110,1107,73
850: 594,704,248,781,328,412
851: 148,387,184,399
852: 179,546,323,785,327
853: 569,1077,101,221,434,17,1046,191
854: 801,790,1022,829,779,393,63
855: 1174,976,1168,808,772
856: 172,716,215,813,325,329
857: 956,871,241,647,637
858: 677,837,419,375,302
859: 62,979,282,445
860: 486,615,820,155,1084,105
861: 137,494,982,1211,37,1095
862: 359,193,704,506,785,369
863: 838,363,926,389,741,289,473
864: 797,229,1055,655
865: 897,481,1177,1106,513,1026
866: 376,828,1160,33,620,1018
867: 1049,1185,1100,909,1132,936
868: 552,977,253
869: 994,546,718,276
870: 551,1057,457,1015,244,14,1056
871: 750,530,562,241,857
872: 1203,28,476,236,1006,15
873: 598,831,583,217,326
874: 379,387,411,792,18,590,184
875: 889,503,972,154,306,750,562
876: 774,1072,1081,1191,201,722,691
877: 89,775,1062,50,1014,303
878: 58,341,513,761,759
1222: 600,343,1221,197,1175
880: 545,239,1208,1001,977,253,120
881: 445,1039,994
882: 108,1070,250,479,934,1054
883: 630,1020,315,57,991,712
884: 555,682,747,1220,1146,680
885: 599,122,826,726,719,216
886: 415,708,535,185
887: 658,410,447,1217,663,813
888: 393,825,985,63,250,612,242
889: 503,875,1179,972,100
890: 1142,1067,1105,41,987,88
891: 898,516,821,1010,10,207,509
892: 665,565
893: 543,738,1223
894: 141,22,500,427,1040,499,1042
895: 189,949,367,668,306,601
1221: 1222,38,197,585,1215,1175
897: 53,231,481,865,924,1026,195,796
898: 516,821,891,171,169,123,1194
899: 836,309,251,736,842,567
900: 315,572,1213,730,436,1020
901: 1031,675,684,1103,723,146,645
902: 150,480,338,271,531,125
903: 231,195,796
904: 84,720,1021,131,198
905: 623,651,926,473
906: 335,989,402,155,105,137,982
907: 808,772,1051,930,200,465,592
908: 19,940,374,1205,413,79
909: 1132,1100,584,333,867
910: 152,312,791,552,253,342
1206: 
912: 788,673,240,1097,489
913: 702,361,968,572,526
914: 234,429,20,1009,475
915: 605,487,1168,441,1
916: 938,158,786,1110,118,550
917: 1085,30,1210,126,284,593
918: 534,1024,618,347,454,768,439
919: 395,676,784,1158,170,32
920: 1212,359,193,286
921: 39,93,190
922: 731,478,301,81
923: 654,1030,1148,230,955,191
924: 405,845,1026,897,967,796
925: 983,804,553,571,34,292
926: 651,389,863,473,905
927: 264,1135,284,30,158
928: 795,23,114,530
929: 800,1149,1165
930: 967,200,1005,465,817,199,796,907
931: 661,272,987,1171,1120,1102
932: 1215,280,1175,646,1158
933: 1097,639,1196,1115
934: 42,288,1054,882,250,242
1211: 999,382,137,861,1095,1074
936: 247,149,527,867,1185,1167
937: 117,477,726,138,536,659,744
938: 451,696,158,916,118,550
939: 285,1057,457,1092,270,814,1069
940: 609,908,19,374,102,529
941: 621,1166,1152,996,521,616
942: 334,953,650,5,954,844
943: 848,1177,959,175,405,1026
944: 689,1154,83,47,556
945: 462,616,206,754,965,1125
946: 958,43,541,136
947: 195,199,957,799,1045,46
948: 121,710,653,8,651
949: 189,895,362,480,76
950: 626,144,353,240,724,544
951: 492,290,988,837,419,538
952: 258,350,1156,1133,1180,1072
953: 334,942,998,256,769
954: 131,1183,198,334,942
955: 986,434,1038,191,230,923
956: 362,857,637,125,805
957: 947,199,465,592,760,46
958: 946,43,531,291
959: 848,1177,943,1163,1076,230
1215: 66,280,932,1175,38,1221
961: 652,830,637,805
962: 1169,427,1129,349,1008
963: 166,695,793,469,219,293
964: 601,997,1080,1193,76
965: 754,23,29,945,462,424
966: 1104,1136,1224,697,1150
967: 930,200,1005,924,845,796
968: 315,572,913,4,712,526
969: 984,1206,528,738,54
970: 74,384,187,145
971: 525,849,24,73,740,1078
972: 232,114,100,889,875,750
973: 561,92,139,407,397
974: 91,627,221,692,443,1112,1096
975: 636,294,1194,818,1166,485,1004
976: 1174,855,235,1113,200,1043,772
977: 552,868,336,253,128,880,1001
978: 251,302,368,567,142
979: 412,94,506,282,62,859,1181
980: 1085,30,31,181,1135,782
981: 31,529,11,181,464,609,559
982: 137,861,494,906,402,61
983: 804,725,925,553,140,142
984: 1206,969,606,95
985: 393,825,888,779,737,40
986: 401,955,434,1038,17,470
987: 931,272,1171,890,1067,88
988: 566,6,162,951,290,538
989: 906,402,155,734,613,69
990: 769,357,209,323,718
991: 57,579,204,630,883,1044
992: 238,310,42,1090,356,501
993: 345,694,1034,300,311
994: 869,881,546
1208: 880,239,1001
996: 1029,462,1187,941,616
997: 601,787,964
998: 334,953,1000,769,156,1023
999: 286,382,1211,1074
1000: 1219,558,769,357,1023,998
1001: 880,239,1208,208,1128,128,977
1002: 743,1033,1052,294,433,1012
1003: 524,246,528,606,790,1022
1004: 1066,1130,1166,975,818,521,510
1005: 930,967,200,1126,845,1113,51
1006: 236,564,257,249,15,872
1007: 420,561,245,631,1152
1008: 127,349,139,962,1129,693
1009: 20,299,537,748,234,914,1104
1010: 821,891,723,509,45,474
1011: 21,106,394,674,1123
1012: 618,347,765,1052,1002,819,433
1013: 292,210,34,1120,1129,1117
1014: 50,767,222,775,877,573
1015: 324,14,764,870,551,482,580
1016: 547,1096,1046,1030,756,176
1017: 844,1183,36
1018: 116,1190,620,866,376,729
1019: 742,48,1041,642,603,1197
1020: 630,1144,883,1213,315,900
1021: 904,84,564,622,735
1022: 790,854,246,1003,393,63
1023: 156,1189,540,558,1000,998
1024: 918,534,194,126,439,330,593
1025: 732,267,604,296,680,211
1026: 405,924,845,1177,943,897,865
1027: 470,1145,733,648,173,827,401
1028: 595,698,525,1139,372,689,681
1029: 462,996,1187,619,29
1030: 654,1148,923,1016,191,756,346
1031: 466,675,901,423,202,1103
1032: 372,1,1107,1174,1168,1139,110
1033: 743,1052,1002,840,45,414,275
1034: 147,610,345,993,1060,311,577
1035: 47,556,1205,417,1198,413
1036: 135,570,72,421,486,409,820
1037: 1076,1186,827,811,401,1038
1038: 401,986,955,1076,1037,230
1039: 785,369,282,881,445
1040: 10,207,499,894,252,1042
1041: 85,763,504,3,603,742,1019
1042: 252,1103,321,894,500,423,1134,1040
1043: 233,1107,56,235,1174,976
1044: 630,1153,1108,297,204,991
1045: 799,847,53,59,255,195,947
1046: 1096,1016,191,221,569,373,853
1047: 810,460,466,675,632,517
1048: 1087
1049: 867,1195,1100,822
1050: 657,1197,48,611
1051: 808,907,441,465,592,757,488
1052: 1033,1002,275,366,1012,765
1053: 835,671,714,1131
1054: 288,934,479,882,705,542
1055: 186,1140,229,797,864,68
1056: 71,1093,870,457,770,244,14
1057: 870,551,285,939,457,270,1069
1058: 1121,1159,65,575,495
1059: 1213,444,1199,1082,436,1207
1060: 345,225,696,147,87,1034
1061: 134,307,273,1155,598,583
1062: 515,1126,346,89,877,303,51
1063: 755,1083,426,456,164,733
1064: 372,1,487,681,1154,448
1065: 645,352,840,146,414,717
1066: 819,433,644,1004,1130,818
1067: 660,1142,890,1161,987,1171
1068: 811,839,512,1186,783
1069: 770,115,67,814,1057,939,457
1070: 108,882,625,669,410,479
1071: 446,1105,41,764,49,551,285
1072: 876,774,1081,350,952,1180,201
1073: 269,846,1229,804,614,1117
1074: 340,1119,999,1211,1095
1075: 426,514,104,2,461,258
1076: 1037,1186,1038,230,959
1077: 101,853,1191,35,691,434,17
1078: 740,128,525,971,336,698,1147
1079: 388,202,449,223,180,798
1080: 404,1193,964,150,322,76
1081: 876,1072,67,1180,115,201,161
1082: 576,279,383,444,1059,1207
1083: 755,497,1063,129,1172
1084: 155,734,319,860,820
1085: 917,30,980,1210,727,31,181
1086: 1092,685,1099,666,1162
1087: 1176,554,731,1048
1088: 1217,625,54,528,524
1089: 205,792,354,304,212
1090: 532,331,42,288,992,356
1091: 174,776,752
1092: 1098,270,685,1086,814,1162,939
1093: 1112,71,1056,770,390,443
1094: 182,824,1122,802,80,1157
1095: 37,512,1184,861,1211,1119,1074
1096: 547,1016,1046,221,692,91,974
1097: 489,933,240,912,544,1196
1098: 1092,270,685,501,832,49
1099: 834,666,639,638,1156,1115,1086,1162
1100: 1195,823,1125,584,867,1049,909
1101: 317,777,174,634,579,1178
1102: 1169,1120,931,272,1109
1103: 684,252,321,1042,423,1031,901
1104: 966,1136,1224,1009,437,748,234
1105: 1071,41,764,890,482,88
1106: 513,761,70,1177,1163,865
1107: 233,73,1043,1174,849,110,1032
1108: 1153,413,1198,630,1144,1044
1109: 141,22,703,272,1137,1169,1102
1110: 786,1132,1185,1167,550,916
1111: 1155,471,565
1112: 71,180,1093,443,974,627
1113: 235,303,51,200,1005,976,772
1114: 1127,1223,581
1115: 638,1156,1133,639,933,1099
1116: 182,1161,1123,660
1117: 614,693,804,292,1013,1073
1118: 1138,437,153,467
1119: 340,1074,1164,1095,1184
1120: 1169,1129,1102,661,931,1013,210
1121: 378,483,1058,226,65,828
1122: 824,419,1094,809,802
1123: 403,532,1011,394,1116,660
1124: 740,1128,352,24,643,717
1125: 1195,1100,823,945,206,754
1126: 175,515,1062,405,845,51,1005
1127: 1114,581,563,649,803
1128: 740,522,1124,128,208,717,1001
1129: 1169,962,1120,1013,1008
1130: 1066,644,1004,510,206,823,463
1131: 133,1053,714,1188
1132: 786,909,99,1110,333,867,1185
1133: 1156,1115,1196,258,952
1134: 423,519,432,500,449,321,1042
1135: 264,316,688,927,30,980,782
1136: 1104,966,437,697,467
1137: 482,580,88,272,703,1109
1138: 437,107,1118
1139: 525,849,110,372,1032,1028
1140: 186,1055,314,149,830
1141: 656,829,659,788,97
1142: 660,890,1067,403,398,41
1143: 291,322,338,505
1144: 630,1020,1213,1199,1198,1108
1145: 470,1027,733,164,35,17
1146: 680,682,884,211,1179
1147: 591,595,268,698,1078,552,336,791
1148: 1030,230,923,848,175,515,346
1149: 455,929,1165
1150: 243,1172,52,966,728
1151: 408,751,1184,1164,119,266,783
1152: 1187,1007,245,82,621,941
1153: 188,413,79,1108,1044,297
1154: 689,681,944,1064,448,406,556
1155: 1111,471,1061,273
1156: 638,1115,1133,1099,952,1180,1162
1157: 789,80,1161,1094,1171
1158: 646,170,932,1175,676,919
1159: 378,1058,575,780,452,132,707
1160: 33,794,762,55,620,866
1161: 1116,660,1067,1157,1171
1162: 67,1180,814,1099,1156,1092,1086
1163: 1177,959,70,381,1106
1164: 340,589,1119,1184,751,1151
1165: 1149,929
1166: 621,941,485,975,521,1004
1167: 550,773,1185,1110,527,936
1168: 1174,855,808,441,1,1032,915
1169: 962,427,1120,1129,1102,22,1109
1170: 440,260,778,1212,327,179
1171: 661,931,987,1161,1067,789,1157
1172: 243,1150,274,129,1083
1173: 560,672,269,523,846,420,518,228
1174: 976,855,1168,1107,1043,1032
1175: 1215,932,1222,1221,1158,676
1176: 554,328,1087,301,781,588
1177: 943,959,1163,1106,1026,865
1178: 60,1190,634,777,1101
1179: 889,1146,100
1180: 67,1162,1156,952,1072,1081
1181: 62,94,979
1182: 707,378,483,635,332
1183: 131,954,683,1017,844,36
1184: 512,1095,1119,1164,783,1151
1185: 867,1132,1110,936,1167
1186: 1076,1037,811,1068,381
1187: 631,1152,709,1029,996
1188: 305,714,1131,133,385
1189: 156,1023,540,641,720,628
1190: 1178,1018,55,686,620,634
1191: 35,298,876,774,691,1077
1192: 404,1193,472
1193: 1080,404,1192,964
1194: 636,975,474,294,171,898,821,485
1195: 1100,1125,795,754,1049
1196: 104,544,1097,933,1133
1197: 1050,642,48,1019,468
1198: 1199,417,1035,413,1108,1144
1199: 1213,444,417,1198,1059,1144
1203: 28,872,476,25,679,706
1204: 548,4,712,816,57,98
1205: 1035,47,374,574,908,413,79