0: 1151,751,558,597,408,496,540
1: 383,915,1174,1032,487,64
2: 104,724,461,557,1133,1075
3: 504,85,760,763,757,75
4: 1204,712,968,526,617
5: 334,953,256,650,1017,942
6: 290,988,162,377,172,566
7: 702,913,572,361,351,220
8: 18,1165,874,590,121,653
9: 1114,1003,893,54,163
10: 901,1103,13,207,252,516,370,684
11: 559,981,529,609,807,762
12: 569,691,722,749,692,443
13: 10,1103,207,252
14: 870,1056,244,324,1015,71
15: 799,847,236,257,872
16: 736,842,38,66
17: 853,35,164,733,1096,1046
18: 8,184,1197,874
19: 609,908,79,794,762,188
20: 549,914,122,599,234,475
21: 674,566,542,329,172,705
22: 1109,272,1169,427,894,1137
23: 386,530,822,1004,928,1130,754
24: 1124,740,568,643,233,971,73
25: 1203,476,1131,305,758,679
26: 165,261,1111,471
27: 296,32,747,604
28: 143,1203,1131,706,85,459
29: 619,1029,1187,100,232,424
30: 1085,284,181,927,980,782
31: 1085,181,312,727,464,981
32: 27,170,784,560,732
33: 1160,794,762,807,226,1121
34: 1171,571,925,789,1013
35: 1191,456,648,17,853,514,733
36: 227,1183,683,835
37: 1037,1068,1164,381,512
38: 66,1175,736,16,585,197
39: 921,190,259,148
40: 355,685,825,737,1098,360
41: 1071,446,890,398,1105,764
42: 242,238,288,934,310
43: 531,1055,652,541,946
44: 358,103,112
45: 509,840,414,1010,743,765
46: 872,143,763,799,957
47: 556,911,944,374,574,1205
48: 384,1041,109,469,611,695
49: 238,1098,270,1057,939,1069
50: 233,235,303,767,877,224
51: 1005,1113,89,1062,303,1126
52: 129,966,1136,1104,274,243
53: 231,481,59,255,195,1045
54: 410,543,625,163,893,9
55: 1160,794,297,188,686,866
56: 1107,73,233,235,1113,200,976
57: 816,579,1198,883,98,1204
58: 408,496,878,641,713,341,759
59: 678,263,255,53,847,1045
60: 295,392,1018,777
61: 494,982,281,402,1036,69
62: 1181,94,979,859
63: 669,246,606,612,969,790
64: 406,279,1,383,915,487,448
65: 226,833,316,495,1121,1058
66: 1073,38,16
67: 814,939,161,457,1069,115,770
68: 1209,314,797,694,830,1100
69: 380,168,728,402,61,281
70: 1076,959,1163,761,1177
71: 1112,223,1056,14,1093,244,324
72: 155,319,615,820,151
73: 971,1107,56,568,233,235,24
74: 384,1041,742,160,970,715
75: 745,757,504,3,642,603
76: 150,480,949,997,362,1195,964
77: 864,797,694,1167
78: 399,1165,1149
79: 1153,413,1205,908,19,188
80: 809,824,1011,182,1161,571
81: 301,308,922,421,588,602
82: 631,941,420,561,245,1166
83: 268,595,689,372,681,1154,944
84: 904,720,628,678,257,622
85: 504,3,706,143,763,28
86: 309,836,753,375
87: 550,225,696,938,1185,701
88: 931,661,1105,482,1109,1137
89: 515,1062,1014,877,303,51
90: 176,222,756,547,373,91
91: 221,214,749,373,90,176,222
92: 518,1120,1008,693,139,973
93: 166,1188,921
94: 412,979,554,1181,62
95: 1206,246,124,606
96: 416,383,745,711,279
97: 829,788,779,1156,737,685
98: 548,1204,816,57,317,396
99: 786,909,507,1002,194,333,1024
100: 972,232,484,29,889,1179
101: 191,1096,1077,569,691
102: 152,464,278,791,529,940
103: 358,44,586,112,458,511
104: 2,724,544,1196,1133,1115
105: 335,453,906,155,615,860
106: 674,566,403,162,1011,394
107: 153,1084,1138,537
108: 888,882,479,393,524,1070
109: 459,469,633,706,1041,48
110: 849,1139,1107,525,995,1043
111: 752,363,289,174
112: 520,458,103,44
113: 777,1101,1190,776
114: 972,232,928,424,750,530
115: 870,1056,770,67,161,390
116: 634,1018,620,729,332,392
117: 885,826,477,726
118: 1024,330,916,917,284,158
119: 1076,266,1151,341,761,408
120: 880,239,253,768,342,192
121: 653,948,1089,8,1165
122: 885,826,599,20,216,475
123: 898,169,516,397,159,490,499,207
124: 606,771,801,95
125: 1140,271,362,857,805,949
126: 439,896,768,593,1210,192
127: 349,962,397,693,139,1169
128: 130,522,1001,366,687,935
129: 52,966,1083,734,243,1172,697
130: 128,1078,522,336,698,687
131: 954,1021,198,904,735,564
132: 780,378,707,635
133: 1053,714,671,385,670,293
134: 307,1155,583,649,803
135: 421,422,308
136: 655,229,652,541
137: 861,999,1068,335,906,982
138: 477,937,539,536
139: 127,397,693,92,407,973
140: 142,368,585,364,197
141: 1042,894,1137,482,500,502
142: 368,140,343,1122,364,269
143: 46,872,763,28,1131,85
144: 626,216,353,429,721,475
145: 400,203,187,970,442,1019
146: 208,717,645,723,684,1065
147: 640,701,610,993,1185,1034
148: 851,259,39,387
149: 247,1049,823,1100,527,314
150: 76,480,949,322,1080,964
151: 820,1150,153,1118,72
152: 102,464,910,879,868,312,791
153: 107,1084,1138,1118,1150,151
154: 668,503,875
155: 615,72,820,860,989,105
156: 1189,1023,334,998,720,198
157: 177,382,594,248,286
158: 451,938,118,916,284,927
159: 218,490,499,207,349,397,169,123
160: 742,657,74,587,730,715
161: 67,814,1081,201,115,390
162: 6,988,566,106,538,1011
163: 410,54,1088,447,9
164: 733,1027,1145,17,470,1046
165: 26,261,1111,598,831,520
166: 93,1050,265,1188
167: 344,215,377,716,217,607,430
168: 380,69,648,497,728,456
169: 898,960,123,397,159,407,171
170: 676,784,932,1158,32
171: 407,973,960,169,1194,245,621
172: 329,377,716,6,21,566
173: 450,391,839,1145,401,827
174: 776,662,363,111
175: 515,1062,346,943,924,405
176: 90,222,756,91,739,775,1014,573
177: 157,382,664,486,453
178: 430,667,831,326,520,458
179: 546,785,327,1170,323,778
180: 1112,223,519,974,627,798,1079
181: 1085,30,31,559,981,782
182: 660,394,1067,1011,80,1161
183: 892,665,563,425
184: 1197,387,851,18,399
185: 196,535,1146,415,886
186: 1055,961,229,254,652,830
187: 493,695,384,970,145,203
188: 297,19,1153,79,794,55
189: 362,1195,895,668,306,857
190: 400,203,259,39,921
191: 547,434,1096,373,101,569
192: 1210,342,768,120,126
193: 369,862,1074,785,327
194: 534,439,507,99,1024,330
195: 947,199,796,53,231,1045
196: 535,185,237,682,1025,1146
197: 600,364,585,140,38,1175
198: 131,954,156,334,904,720
199: 195,947,796,817,465,592
200: 1005,1113,766,56,491,976
201: 1081,876,161,428,287,390
202: 1079,388,423,449,1031,466
203: 145,190,400,187,493
204: 1101,317,1044,816,634
205: 863,926,389,792,590,653
206: 644,454,1004,333,463,754
207: 159,490,499,252,10,13,123,516
208: 146,717,1128,275,1001,1065
209: 718,990,769,953,256
210: 789,1013,1102,272,962
211: 604,680,296,484,1179
212: 283,354,617,526,702,304
213: 283,617,548,1178
214: 221,974,627,91,222,508,460,573
215: 167,716,663,607,813,856
216: 626,673,144,719,122,885,475
217: 690,607,435,873,326,430,167
218: 159,499,427,349
219: 611,793,385,305,679,469
220: 351,318,361,442,1019,7
221: 974,627,214,91,749,692,222
222: 90,176,221,214,91,508,573
223: 1112,71,180,244,519,974,1079
224: 568,517,810,767,50,233
225: 936,550,87,527,345,773,1185
226: 807,833,65,33,1121
227: 36,843,683,339,714,835
228: 631,709,1173,420,1129,267
229: 186,652,797,830,136,655,864
230: 827,959,839,811,1038,1076
231: 53,481,897,903,195,796
232: 100,972,114,29,424
233: 50,235,568,224,24,73,56
234: 429,1104,475,20,914
235: 50,233,303,1113,73,56
236: 257,249,15,872,476,1131
237: 196,535,682,841
238: 42,242,1098,49,310,1057
239: 120,880,1208,1033,768,545,765
240: 626,673,489,912,950,544
241: 562,1130,386,871,956,647
242: 42,238,1098,250,825,934
243: 578,274,1172,52,129,966,697
244: 432,324,519,14,71,223
245: 1166,621,561,171,973,82
246: 63,1206,669,95,984,606
247: 149,823,1100,1066,1125
248: 594,850,781,262,157
249: 236,257,622,564,1006,476
250: 825,985,888,882,934,242
251: 302,1094,978,899,836,567
252: 499,207,1040,423,321,10,1103,13
253: 120,880,977,868,342,879
254: 186,961,1125,1100,830
255: 59,263,759,53,481,513
256: 953,5,718,209,320,650
257: 236,249,622,678,84,15,847
258: 1133,952,298,350,514
259: 190,400,39,379,387,148
260: 357,558,597,1170,440,1095,778
261: 26,165,520
262: 781,588,602,409,248
263: 59,678,255,759,713,628
264: 927,980,1135,451,688
265: 670,293,1050,166
266: 119,1076,1038,1151,783
267: 732,1152,560,1173,228,709
268: 1147,595,689,83,944,574
269: 395,846,142,343,725,364
270: 360,834,666,1098,49,939
271: 1140,531,125,480,949,902
272: 22,1109,1169,789,210,962
273: 1061,471,438,565
274: 578,243,1136,52,1063,755
275: 1033,1001,366,1065,208,414
276: 320,869,1039,718
277: 379,1197,1019,411,318
278: 374,574,791,102,940
279: 64,406,383,416,96,576
280: 932,646,1073,1175,676
281: 494,61,380,69,1027,450,391
282: 506,445,369,979,881,859
283: 212,354,617,213,389
284: 1085,30,118,917,158,927
285: 446,551,356,832,457,770
286: 1184,157,382
287: 1093,390,443,201,428,722
288: 705,934,1054,42,310,1090
289: 363,838,111,752,741
290: 6,988,344,377,492,951
291: 338,322,902,958
292: 983,343,725,925,1013,804
293: 265,670,133,385,1050
294: 433,819,618,1052,1012
295: 60,392,332,1182
296: 27,732,211,604
297: 188,686,991,1044,1153,55
298: 774,1077,350,258,952,514
299: 549,914,1009,748
300: 311,1167,993,1060
301: 81,922,1176,588,731
302: 251,1094,978,802,1157
303: 50,235,877,89,51,1113
304: 792,702,351,411,212,354
305: 758,1053,25,679,219,385
306: 668,562,189,871,857
307: 134,1155,649,425,1061,438
308: 81,922,135,421
309: 86,899,836,842
310: 992,1090,288,42,238,501,1057
311: 300,993,1034
312: 1210,342,727,152,464,879,31
313: 636,474,485,509,433,975,1010
314: 68,1209,149,1100,527,773
315: 712,968,900,1059,436
316: 980,782,1135,833,65,495
317: 204,1190,816,98,396
318: 351,411,220,1019,277
319: 615,72,1118,422,570
320: 276,718,256,650
321: 423,1134,1040,1042,252,1103
322: 150,480,902,1080,1143,291,338
323: 718,990,778,179,546,869
324: 432,244,1015,519,14,500,703,71
325: 856,329,658,705,1054
326: 831,873,217,178,430
327: 179,785,193,1170,1074
328: 412,554,781,1087,850
329: 856,325,172,716,705,21
330: 1024,118,917,194,439,593
331: 992,532,356,501,1142,398
332: 376,729,116,1182,295,392
333: 463,454,206,1002,99,909
334: 953,5,998,156,954,198,942
335: 105,453,906,382,137,999
336: 698,1028,130,591,687,595
337: 1082,436,1207,468,730
338: 291,322,1143
339: 758,1053,843,1006,227,714
340: 512,589,1164,1119,440,1095
341: 1106,761,119,58,408,878
342: 312,1210,192,727,120,253,879
343: 983,292,725,1122,142,269
344: 167,377,430,667,492,290
345: 993,773,1060,1185,225,1209
346: 739,775,1016,943,175,515
347: 534,896,618,918,1012
348: 498,358,586,677
349: 127,397,1169,427,159,218,499
350: 298,774,428,258,952,1072,876
351: 411,318,220,702,7,304
352: 632,675,643,717,645,1124
353: 626,144,721,950,724,557
354: 212,283,389,304,792
355: 40,685,1141,639,360,834
356: 501,832,992,331,398,446,285
357: 260,558,1000,990,778
358: 103,44,586,348
359: 920,862,594,850,704
360: 834,666,270,40,355,1098
361: 572,587,715,442,7,220
362: 189,1195,857,76,949,125
363: 289,662,1178,174,111
364: 600,197,142,140,269,395
365: 1118,1138
366: 275,1033,1001,128,1208,935
367: 415,708,601,787,895
368: 142,567,585,140,978,1122
369: 282,506,445,193,862
370: 723,371,684,10,891,516
371: 723,370,891,821,840,812
372: 487,448,681,1154,689,83
373: 547,191,569,749,91,90
374: 944,574,278,47,908,940,1205
375: 753,498,858,86,836,1094
376: 828,729,332,483,1182,707,635
377: 167,344,716,172,290,6
378: 1058,483,1159,132,780,707,635
379: 1197,387,277,1019,400,259
380: 69,648,168,281,1027
381: 512,589,1037,37,783
382: 157,177,335,453,999,286
383: 1,915,605,711,64,279,96
384: 74,1041,48,187,695,970
385: 219,793,1050,305,1053,133,293
386: 23,822,1130,241,1066,647
387: 184,379,1197,259,851,148
388: 798,202,1079,449,460,1047,466,632
389: 792,283,354,863,205
390: 1093,287,161,201,1056,115
391: 173,450,839,494,281,1027,1145
392: 295,60,332,116,1018
393: 524,612,854,108,888,985
394: 182,660,674,403,106,1011
395: 269,846,600,364,919,523
396: 1178,548,98,317,1190
397: 127,349,139,159,407,169,123
398: 1142,890,331,356,446,41
399: 78,184,851
400: 145,190,203,259,1019,379
401: 827,848,1145,173,470,955
402: 613,1036,728,1172,69,61
403: 674,542,106,532,660,394,1142
404: 1080,1192,964,505
405: 845,924,943,175,1062,1126
406: 64,279,448,1199
407: 171,973,397,139,169
408: 58,496,878,119,1151,0,341
409: 664,570,421,262,602
410: 625,54,163,447,887,1070
411: 351,318,277,304,874
412: 94,979,328,704,554,506
413: 1035,1153,1205,79,911
414: 840,45,275,1033,1065,765
415: 367,708,886,185
416: 1207,642,96,468,576,745,279
417: 556,911,1064,1144,1108
418: 539,656,771
419: 1123,538,951,988,837
420: 1129,518,561,631,228,82
421: 135,422,81,308,409,602
422: 135,421,319,570
423: 449,1134,321,202,252,1103,1031
424: 928,795,29,965,232,114
425: 563,649,183,665,438,307
426: 1075,1191,456,1063,461,755,497
427: 1040,894,22,1169,349,218,499
428: 774,350,876,201,287,691,722
429: 1136,234,1104,721,475,144
430: 178,667,326,217,167,344
431: 700,575,1135,640,688,610
432: 244,324,519,500,703,449,1134
433: 819,975,618,294,1010,313
434: 547,191,1096,986,654,1046
435: 217,690,607,583,803,873
436: 337,572,730,315
437: 537,1009,806,748,467,1084
438: 273,1061,665,565,425,307
439: 534,194,126,896,593,330
440: 1095,340,589,751,260,597
441: 808,1168,1051,915,605,488
442: 970,715,1019,361,145,220
443: 1093,287,12,722,692,1112,974
444: 1144,1199,630,576,1082,1059
445: 282,369,881,785,994,852
446: 1071,551,41,285,356,832,398
447: 1088,410,163,663,690,887
448: 372,487,1154,64,406,1064,1199
449: 423,1134,432,519,202,1079,388
450: 173,391,839,494,281,811,1186
451: 696,158,938,264,927,688
452: 815,1159,780
453: 105,335,615,486,177,382
454: 510,644,206,1002,333
455: 929,1149,1089,710
456: 1191,35,426,648,168,497
457: 67,1069,832,1057,285,770
458: 112,520,178,667,103,511
459: 679,109,469,28,1203,706
460: 508,810,1047,627,214,798,388
461: 1063,755,557,2,1075,426
462: 818,616,965,996,945
463: 867,333,584,754,206,909
464: 102,152,312,31,981,529
465: 808,907,817,199,592,1051
466: 632,675,202,388,1047,1031
467: 806,437,748,914,1104,966
468: 1207,416,642,603,657,337,730
469: 459,679,109,219,611,48
470: 986,955,1046,164,1145,401
471: 273,1061,26,1111
472: 505,1143
473: 838,863,926,905,1091,741
474: 636,313,821,1194,509,812
475: 234,429,122,20,144,216
476: 25,1131,236,249,1006,758
477: 138,726,937,117
478: 533,1176
479: 108,882,658,1070,1054
480: 150,76,949,322,902,271
481: 53,231,865,513,255
482: 580,502,764,88,1105,141,1137
483: 1121,1058,378,828,376,635
484: 619,211,1179,100
485: 1166,621,636,313,521,975
486: 664,570,615,453,177
487: 372,448,681,1032,1,64
488: 757,711,441,1051,605
489: 659,744,1099,240,673,912
490: 159,499,207,123
491: 596,855,976,200,766,772
492: 608,511,951,667,344,290
493: 187,963,695,1188,203
494: 982,61,281,450,391,1186
495: 575,316,1135,65,1058,1159
496: 58,408,641,0,540
497: 168,755,578,728,456,426
498: 753,348,375,858,677
499: 159,218,490,207,252,427,1040,349,123
500: 502,703,432,324,141,1042,1134
501: 356,832,1057,992,310,331
502: 482,580,500,764,703,141,1137
503: 889,1146,875,154
504: 3,633,706,85,75,603
505: 1143,472,1080,404
506: 282,369,412,979,704,862
507: 1012,1002,534,194,99
508: 460,810,627,214,222,767,573
509: 840,45,812,313,474,821,1010
510: 644,454,945,818,1052,1002
511: 608,492,458,667,103,586
512: 340,381,589,1164,37,783
513: 865,481,1106,878,255,759
514: 853,258,1191,35,298,1077
515: 175,89,1062,346,775,1014
516: 898,891,123,207,10,370
517: 568,224,643,810,1047,632
518: 420,1129,561,1120,92,973
519: 432,244,324,223,180,449,1134,1079
520: 112,458,165,261,831,178
521: 818,616,485,1166,819,975
522: 128,130,1078,1128,740,1001
523: 672,1117,1173,395,846,919
524: 393,612,969,625,1070,108
525: 971,1107,995,1078,110,698,849
526: 702,913,968,4,212,617
527: 149,1049,936,225,314,773
528: 893,738,1022,984
529: 981,11,102,464,609,940
530: 23,114,928,1130,750
531: 271,43,902,958,946
532: 992,331,1090,674,542,403,1142
533: 478,1176,731,1048
534: 194,439,896,347,507,1012
535: 196,185,237,886
536: 539,656,138,937,1086,659
537: 1009,437,107,1084
538: 824,1123,1011,419,988,162
539: 418,656,536,138
540: 1023,0,558,1000,496,641
541: 946,43,652,136
542: 674,21,403,705,1090,532
543: 625,54,893,738,669,969
544: 104,950,724,240,912,1196
545: 918,768,743,765,239
546: 179,785,1039,852,323,869
547: 191,434,373,654,90,756
548: 98,1204,213,1178,396
549: 20,299,914,599
550: 936,225,87,1110,696,938
551: 1071,446,285,870,770,1015
552: 591,977,687,868,935,1147,910
553: 802,809,571,983,925,1122
554: 412,94,328,1087
555: 884,841,699
556: 47,911,417,1064,1154,944
557: 1063,461,353,721,2,724
558: 260,357,597,1000,0,540
559: 981,11,181,782,807,833
560: 672,784,32,732,267
561: 420,518,973,631,82,245
562: 1130,241,750,875,306,871
563: 746,649,425,183
564: 843,735,1006,904,131,249,622
565: 892,665,273,438
566: 674,21,106,172,6,162
567: 368,585,899,251,978,736
568: 224,643,517,233,1124,24,73
569: 12,691,749,191,373,101
570: 409,664,486,422,319,615
571: 1161,34,553,80,809,925
572: 587,730,361,436,913,7
573: 1014,767,877,214,176,222,508
574: 944,374,278,791,1147,268,47
575: 700,431,495,1135,1159
576: 1207,416,279,444,1082
577: 1034,610,624
578: 728,274,243,1172,755,497
579: 816,57,1198,991,1044
580: 482,502,764,703,1071,1015
581: 1003,1127,746
582: 932,646,1158,629
583: 134,1155,803,598,873,435
584: 867,463,754,822,1066,823
585: 368,567,140,736,38,197
586: 358,103,608,511,348,677
587: 572,730,361,160,715
588: 781,262,602,81,301,731
589: 340,381,512,440,751,783,597
590: 792,874,8,205,653
591: 552,687,336,1028,1147,595
592: 760,1051,957,947,199,465
593: 1210,727,439,126,330,917
594: 850,248,157,359
595: 1147,268,689,83,336,1028,591
596: 491,855,976,772,1168,1174,1043
597: 260,558,589,440,751,0
598: 831,873,1155,583,165,1111
599: 122,826,20,549
600: 364,197,1175,395,676,919
601: 1193,787,997,367,1195,895
602: 262,588,421,81,409
603: 742,657,75,504,633,642,468
604: 211,680,747,27,296,884
605: 383,915,441,1168,488,711
606: 124,801,63,95,246,790
607: 217,663,690,435,167,215
608: 511,492,951,586,837,677
609: 908,19,940,529,11,762
610: 147,640,700,431,1034,577,624
611: 219,793,469,48,963,695
612: 393,524,969,63,790,854
613: 860,989,697,402,1036,1172
614: 1008,804,725,846,1117,1120
615: 155,319,72,570,486,105,453
616: 521,818,462,941,1166,996
617: 212,283,213,526,4
618: 433,294,1010,918,743,1012,347
619: 484,29,1029,1152
620: 116,634,686,866,729
621: 485,245,1166,171,1194,636
622: 257,249,904,84,564
623: 710,651,800
624: 815,610,700,577
625: 410,543,54,524,969,1070
626: 240,673,144,216,353,719,950
627: 221,974,214,180,798,508,460
628: 84,720,713,1189,678,263
629: 699,582,1158
630: 1144,444,1059,1020,1108,900
631: 228,82,1007,709,941,420,561
632: 466,352,675,388,1047,643,517
633: 504,706,109,742,603,1041
634: 116,1018,620,686,1044,204
635: 1182,707,483,378,376,132
636: 313,474,1194,485,621,975
637: 805,956,647,1125,1140,961
638: 1092,933,1180,1115,952,1072
639: 1196,1097,355,1141,834,1092,933
640: 147,688,701,610,431
641: 58,496,713,1189,1023,540
642: 416,468,745,75,603
643: 568,517,632,352,1124,24
644: 510,454,945,206,1004,795
645: 146,717,901,352,675,684
646: 932,280,582,1073
647: 1066,1125,241,386,956,637
648: 380,168,456,35,733,1027
649: 563,746,425,1127,134,307
650: 1017,320,5,256
651: 623,710,905,948,1089
652: 1055,186,229,43,541,136,655
653: 121,948,590,8,205,926
654: 986,923,547,434,756,739
655: 136,229,652,864
656: 418,539,1162,536,1086
657: 742,160,603,468,730
658: 813,887,1070,479,856,325
659: 489,744,1099,536,937,1086
660: 182,394,1067,403,987,1142
661: 88,931,1171,789,1109
662: 1178,363,174,776
663: 690,607,447,813,887,215
664: 409,570,486,177
665: 183,892,565,425,438
666: 360,834,270,1092,1180,939
667: 178,430,458,344,511,492
668: 154,306,189,895
669: 63,246,984,738,543,969
670: 265,293,133,671
671: 714,835,133,670
672: 560,1173,523,784,919
673: 240,626,216,719,489,744
674: 21,566,542,403,106,532,394
675: 466,632,352,901,1031,645
676: 170,784,919,1175,600,932,280
677: 837,858,586,608,498,348
678: 59,263,84,628,847,257
679: 459,469,1203,25,305,219
680: 211,604,682,884,1025,1179
681: 372,487,1139,1032,689,83
682: 884,841,680,196,237,1025
683: 843,735,1021,1183,36,227
684: 723,370,10,901,146,645
685: 40,355,1141,97,788,737
686: 297,1044,55,866,634,620
687: 552,591,977,935,128,130,336
688: 640,701,451,696,264,431
689: 268,595,83,1028,1139,372,681
690: 217,663,607,435,1088,447,803
691: 12,569,722,774,1077,428,101
692: 12,722,749,443,221,974
693: 127,962,139,1008,92
694: 68,1209,797,1060,77,1167
695: 187,963,493,611,384,48
696: 451,938,550,87,688,701
697: 989,613,129,734,243,1172
698: 336,849,1028,525,130,1078
699: 629,747,555,884
700: 431,575,610,1159,624,815
701: 147,640,688,87,696,1185
702: 526,913,7,351,212,304
703: 580,500,502,432,324,1015
704: 412,850,359,862,506
705: 288,1054,325,329,21,542,1090
706: 504,633,85,28,459,109
707: 1182,635,378,376,132
708: 415,367,886,787
709: 631,228,1007,267,1152,1029
710: 623,651,1089,929,455,800
711: 745,488,757,383,605,96
712: 968,315,900,883,4
713: 58,641,1189,263,759,628
714: 671,835,227,339,1053,133
715: 970,442,160,74,587,361
716: 167,215,377,856,329,172
717: 146,208,645,352,1128,1124
718: 323,209,320,276,869,256
719: 626,673,216,726,885,744
720: 904,84,628,156,1189,198
721: 1136,429,144,353,1063,557
722: 12,691,692,774,428,287,443
723: 370,371,684,146,840,1065
724: 2,104,950,544,353,557
725: 292,343,269,846,614,804
726: 477,937,117,885,744,719
727: 312,593,1210,342,917,1085,31
728: 578,1172,402,69,168,497
729: 828,866,376,332,116,620
730: 572,587,468,160,657,337,436
731: 1087,1048,301,533,1176,588
732: 267,1152,560,296,32
733: 164,1027,35,648,17,853
734: 820,1150,129,1083,989,697
735: 843,683,564,131,1021
736: 842,16,899,567,585,38
737: 825,985,779,97,40,685
738: 528,893,669,984,543
739: 346,775,1016,923,654,176,756
740: 1128,1124,24,971,1078,522
741: 1091,289,473,838,752
742: 160,603,657,633,74,1041
743: 918,545,765,45,618,1010
744: 489,659,726,937,673,719
745: 757,75,711,416,642,96
746: 563,649,581,1127
747: 699,27,884,604
748: 1009,806,437,467,299,914
749: 12,569,692,373,221,91
750: 562,1130,875,972,114,530
751: 1151,0,783,589,440,597
752: 111,289,838,741
753: 498,375,86
754: 584,463,1004,206,23,822
755: 1063,461,578,274,426,497
756: 90,176,547,654,739,775
757: 745,488,75,711,3
758: 305,339,1053,1006,25,476
759: 263,255,58,878,713,513
760: 592,1051,957,763,3
761: 1106,341,1177,119,70
762: 33,794,11,609,19,807
763: 46,143,760,957,3,85
764: 482,580,502,1071,41,1105
765: 743,545,45,414,1033,239
766: 930,1005,200,491,907,772
767: 573,877,508,810,224,50
768: 918,545,120,239,126,896,192
769: 953,998,1000,990,209
770: 870,115,67,457,551,285
771: 124,801,418
772: 808,907,1168,766,596,491
773: 345,527,225,1209,314
774: 298,1077,428,350,876,691,722
775: 739,346,176,756,1014,515
776: 174,1190,662,113
777: 113,1018,1101,60
778: 990,323,1170,179,260,357
779: 854,1156,97,985,737
780: 132,378,1159,452
781: 262,588,1087,850,248,328
782: 316,980,181,30,559,833
783: 1151,751,381,512,589,266
784: 170,676,919,560,672,32
785: 179,546,327,445,193,852
786: 99,1132,909,1110,1024
787: 601,1193,367,708
788: 97,1086,829,1099,685,1141
789: 1013,210,1171,34,661,1109,272
790: 854,1156,63,606,801,612
791: 574,278,1147,102,152,910
792: 389,304,874,590,354,205
793: 219,611,385,1050,963
794: 1160,33,762,55,19,188
795: 1004,928,424,965,644,945
796: 195,199,903,231,967,817
797: 68,694,830,229,77,864
798: 1079,388,180,627,460,1047
799: 15,847,1045,947,957,46,872
800: 929,623,710
801: 124,606,771,1162,790
802: 553,809,1157,302,978,1122
803: 1088,1114,134,583,690,435
804: 614,1008,292,725,1102,846
805: 871,857,956,637,1140,125
806: 437,748,467,1084,966,1083
807: 226,833,559,11,33,762
808: 907,441,465,772,1168,1051
809: 553,80,802,1157,824,571
810: 508,460,1047,767,224,517
811: 1037,1186,1038,450,839,230
812: 509,840,371,474,821
813: 658,887,663,215,856
814: 67,939,161,1069,1180,1081
815: 452,624,700
816: 57,579,1044,98,204,317
817: 930,967,199,796,907,465
818: 521,462,616,819,1052,510,945
819: 433,975,294,1052,521,818
820: 734,1150,151,155,72,989
821: 474,898,891,1194,371,509,840,812
822: 23,386,584,754,1066
823: 247,149,1049,867,584,1066
824: 1123,538,1011,80,809,1157
825: 250,985,737,40,242,1098
826: 117,122,885,599
827: 401,848,959,230,173,839
828: 866,376,729,1160,1121,483
829: 97,1086,788,1162,1156
830: 68,797,1100,186,229,254
831: 598,873,326,165,520,178
832: 356,501,1057,457,1069,446,285
833: 807,226,65,559,316,782
834: 360,666,270,355,639,1092
835: 714,671,36,227
836: 86,309,899,375,251,1094
837: 1116,858,677,608,951,1123,419
838: 473,863,289,752,741
839: 173,450,391,811,1186,827,230
840: 509,45,812,414,723,371,821,1065
841: 555,682,884,237
842: 736,16,309,899
843: 683,735,564,1006,227,339
844: 1183,1017,1021,942
845: 924,897,903,405,967,1126
846: 269,395,725,614,804,1117,523
847: 15,799,1045,59,678,257
848: 401,827,959,955,1148,1163
849: 110,698,1028,1139,525
850: 594,248,781,328,704,359
851: 148,184,387,399
852: 994,1039,445,546,785
853: 17,514,35,1077,733
854: 779,790,1156,393,612
855: 596,491,976,995,1174,1043
856: 325,329,658,813,215,716
857: 871,805,306,189,362,125
858: 1116,837,677,498,375,1094
859: 881,979,62,282
860: 989,613,1036,155,105,906
861: 137,1068,982,1186
862: 359,920,704,506,193,369
863: 473,838,205,926,389
864: 77,229,797,655
865: 481,513,1026,1106,897
866: 828,729,1160,55,686,620
867: 584,463,1132,909,1049,823
868: 552,977,253,152,910,879
869: 276,546,1039,718,323
870: 1056,115,770,14,551,1015
871: 857,805,956,306,562,241
872: 46,143,15,799,236,1131
873: 598,831,326,583,217,435
874: 792,590,411,1197,8,18
875: 972,889,503,154,562,750
876: 1072,1081,201,774,428,350
877: 1014,767,573,89,50,303
878: 58,408,1106,341,513,759
879: 152,910,253,868,312,342
880: 120,239,253,1208,1033,977,935
881: 859,282,445,994
882: 108,888,479,250,934,1054
883: 1020,1198,712,900,57,1204
884: 555,682,841,699,747,604,680
885: 117,122,826,726,216,719
886: 415,708,535,185
887: 658,813,1070,447,410,663
888: 108,882,393,250,985
889: 503,1179,100,875,972
890: 987,1142,398,41,1105
891: 898,516,1194,370,371,821
892: 183,665,565
893: 528,738,1022,9,543,54
894: 141,427,1040,1042,1137,22
895: 189,1195,367,668,601
896: 534,439,126,347,918,768
897: 845,924,903,1026,231,865
898: 960,169,891,123,516,1194,821
899: 309,836,251,736,842,567
900: 712,315,630,1059,1020,883
901: 10,1103,1031,675,684,645
902: 480,322,271,531,291,958
903: 845,897,231,967,796
904: 84,720,131,198,622,564
905: 473,926,948,1091,651
906: 105,335,860,1036,982,137
907: 808,465,772,930,817,766
908: 609,19,940,374,1205,79
909: 786,99,1132,867,333,463
910: 152,879,552,868,1147,791
911: 47,556,417,413,1205
912: 1196,1097,489,240,950,544
913: 526,702,7,572,968
914: 20,299,549,748,467,234,1104
915: 1,383,605,441,1168,1174,64
916: 1024,118,1110,158,938
917: 330,118,593,727,1085,284
918: 768,743,545,618,1010,896,347
919: 676,784,600,395,672,523
920: 359,862,1119,1184,1074
921: 39,93,190
922: 81,301,308
923: 986,955,654,739,1016,1148
924: 845,897,405,943,1026,175
925: 983,292,553,34,571,1013
926: 473,863,205,905,653,948
927: 264,980,284,30,451,158
928: 1004,424,795,114,23,530
929: 455,710,800
930: 967,817,766,1126,1005,907
931: 88,661,1105,1067,987,1171
932: 280,582,646,1158,170,676
933: 638,1092,639,1196,1115
934: 288,1054,882,250,42,242
935: 552,977,687,366,128,880,1208
936: 550,225,1132,1110,1049,527
937: 138,477,726,536,659,744
938: 451,696,158,1110,916,550,87
939: 67,814,1069,49,666,270,1180
940: 609,908,102,374,278,529
941: 631,82,1007,1166,996,616
942: 954,1021,334,5,1017,844
943: 1030,346,1016,175,924,405
944: 374,574,268,83,1154,47,556
945: 510,644,965,818,462,795
946: 541,958,531,43
947: 195,199,799,1045,592,957
948: 121,653,1089,926,905,651
949: 150,76,480,362,1195,271,125
950: 724,544,240,626,353,912
951: 608,492,290,988,837,419
952: 258,1133,1115,638,1072,298,350
953: 334,769,5,998,256,209
954: 131,1021,198,942,334
955: 470,986,923,401,848,1148
956: 871,805,637,241,647
957: 592,760,947,799,46,763
958: 946,902,531,291
959: 827,848,230,1076,70,1163
960: 898,169,1194,171
961: 1055,186,254,637,1125,1140
962: 127,693,210,1102,272,1169
963: 493,695,1188,611,793,1050
964: 1080,1192,404,997,150,76
965: 1187,996,462,424,795,945
966: 52,129,1083,806,467,1104,243
967: 930,817,1126,845,903,796
968: 712,315,526,913,4
969: 524,612,63,669,543,625
970: 715,442,74,384,187,145
971: 1107,73,525,740,24,1078
972: 100,875,232,114,889,750
973: 407,171,139,518,561,92,245
974: 221,627,214,443,692,1112,223,180
975: 433,819,485,636,313,521
976: 596,491,855,995,200,1107,56
977: 552,687,868,935,880,253,1208
978: 251,302,802,368,567,1122
979: 412,94,62,282,506,859
980: 264,316,927,782,1135,30
981: 559,529,11,464,181,31
982: 494,61,1036,906,137,861
983: 292,343,925,1122,553
984: 1206,669,246,528,738
985: 250,825,737,393,779,888
986: 470,955,923,654,1046,434
987: 1142,890,660,1067,931,1105
988: 290,6,162,951,538,419
989: 860,613,697,734,820,155
990: 323,778,209,357,769
991: 297,1035,1153,1198,579
992: 310,331,1090,532,356,501
993: 345,1060,1185,147,300,311,1034
994: 852,445,881
995: 855,976,1107,525,110,1043
996: 1187,965,1007,941,462,616
997: 601,1193,1195,1192,964,76
998: 334,769,953,1000,156,1023
999: 137,1068,335,382
1000: 357,558,1023,540,769,998
1001: 275,366,208,1128,128,522
1002: 507,1012,1052,510,454,333,99
1003: 581,1127,1114,9
1004: 928,795,644,206,23,754
1005: 51,1113,200,930,766,1126
1006: 843,564,249,476,758,339
1007: 631,709,941,1029,1187,996
1008: 614,804,1102,693,1120,92
1009: 537,437,748,299
1010: 433,618,313,509,45,918,743
1011: 824,538,162,106,182,394,80
1012: 507,1002,618,294,1052,534,347
1013: 789,210,1102,34,292,925
1014: 573,877,176,775,515,89
1015: 324,1071,551,870,14,580,703
1016: 739,346,923,1030,943,1148
1017: 650,5,942,844
1018: 116,634,1101,60,392,777
1019: 442,145,400,318,220,379,277
1020: 1198,883,1108,630,1035,900
1021: 131,954,942,844,1183,683,735
1022: 528,893
1023: 156,1189,540,1000,641,998
1024: 330,118,916,194,786,99,1110
1025: 1146,1179,682,680,196
1026: 1030,1106,1177,924,897,865
1027: 164,733,1145,380,648,281,391
1028: 336,698,849,1139,591,595,689
1029: 619,29,1152,1007,709,1187
1030: 943,1148,1026,1163,1016,1177
1031: 901,1103,423,202,466,675
1032: 1174,1043,1139,1,487,681
1033: 275,366,414,765,880,239,1208
1034: 577,993,147,610,311
1035: 1153,413,1020,1198,1108,991
1036: 860,613,402,906,982,61
1037: 811,1186,1038,37,381
1038: 811,1037,230,1076,266
1039: 852,546,276,869
1040: 427,1042,894,321,499,252
1041: 74,384,48,633,109,742
1042: 141,1040,894,500,1134,321
1043: 1174,1032,596,855,995,110,1139
1044: 297,686,816,579,634,204
1045: 799,847,53,59,195,947
1046: 470,986,17,164,434,1096
1047: 460,810,798,388,466,632,517
1048: 1087,731,533
1049: 149,823,527,867,1132,936
1050: 793,385,265,293,963,1188,166
1051: 592,760,808,441,465,488
1052: 819,294,818,510,1012,1002
1053: 305,758,339,133,714,385
1054: 705,288,934,882,479,325
1055: 186,961,652,1140,43
1056: 870,115,14,1093,390,71
1057: 501,832,238,49,310,457,1069
1058: 1121,483,378,1159,65,495
1059: 1082,444,630,315,900
1060: 993,345,1209,694,300,1167
1061: 273,471,438,307,1155,1111
1062: 175,515,89,405,51,1126
1063: 461,755,557,1136,721,274,426
1064: 556,417,448,1154,1144,1199
1065: 275,723,146,208,840,414
1066: 647,1125,386,822,584,247,823
1067: 182,660,987,1161,1171,931
1068: 137,861,999,1164,37
1069: 67,814,939,457,49,832,1057
1070: 658,887,410,625,524,108,479
1071: 446,551,41,580,764,1015
1072: 1081,876,638,1180,952,350
1073: 66,1175,280,646
1074: 1170,1095,920,1119,193,327
1075: 1191,426,2,461,1133
1076: 119,70,266,1038,959,230
1077: 298,774,853,514,691,101
1078: 130,522,740,971,525,698
1079: 798,202,388,519,223,180,449
1080: 404,964,150,322,505,1143
1081: 1072,876,201,1180,814,161
1082: 337,1059,1207,576,444
1083: 129,966,806,1084,734,1150
1084: 107,153,537,806,437,1083,1150
1085: 284,181,30,31,727,917
1086: 829,788,656,1162,536,659
1087: 731,1048,781,328,554
1088: 1114,447,803,163,690
1089: 121,948,455,710,651
1090: 992,310,532,705,288,542
1091: 741,473,905
1092: 638,933,1180,639,834,666
1093: 287,390,443,1056,1112,71
1094: 251,302,375,1116,858,836
1095: 1170,440,1074,1119,340,260
1096: 191,434,101,17,1046
1097: 639,912,1196,1099,1141
1098: 242,238,49,825,40,360,270
1099: 489,659,788,1141,1097
1100: 247,149,1125,254,68,314,830
1101: 204,1190,1018,113,777
1102: 1013,210,1008,804,962
1103: 10,901,13,1031,423,321,252
1104: 1136,234,429,914,467,52,966
1105: 88,931,987,890,41,482,764
1106: 341,761,1177,1026,878,865,513
1107: 971,73,525,56,976,995,110
1108: 1020,417,1144,630,1035
1109: 22,272,88,661,789,1137
1110: 786,1132,1024,916,936,550,938
1111: 26,165,1061,471,1155,598
1112: 71,223,180,1093,443,974
1113: 51,1005,200,235,303,56
1114: 1088,803,9,1003,1127
1115: 1133,952,104,638,933
1116: 837,858,1123,1094,1157
1117: 1173,523,846,614,1129,1120
1118: 365,153,1138,151,319
1119: 920,1164,1184,340,1095,1074
1120: 1129,518,92,614,1008,1117
1121: 1058,483,226,65,1160,33,828
1122: 983,343,978,553,802,142,368
1123: 824,538,419,1116,837,1157
1124: 1128,740,24,352,568,643,717
1125: 1066,647,637,247,1100,961,254
1126: 930,967,1062,845,405,51,1005
1127: 1003,581,746,649,1114
1128: 1124,740,208,717,1001,522
1129: 420,518,1120,1117,1173,228
1130: 562,241,750,23,386,530
1131: 1203,25,476,236,872,143,28
1132: 786,909,1110,867,1049,936
1133: 258,1115,952,2,104,1075
1134: 423,449,321,500,432,519,1042
1135: 264,316,980,431,495,575
1136: 429,1104,721,52,1063,274
1137: 141,894,88,482,502,22,1109
1138: 107,153,365,1118
1139: 110,849,1028,1043,1032,689,681
1140: 271,125,805,637,1055,961
1141: 355,685,788,1099,639,1097
1142: 987,890,398,403,331,532,660
1143: 505,472,1080,322,338
1144: 444,1199,630,417,1064,1108
1145: 164,1027,173,391,470,401
1146: 503,1025,196,185
1147: 268,595,552,591,910,574,791
1148: 1030,1163,955,923,848,1016
1149: 455,1165,78
1150: 734,820,151,153,1084,1083
1151: 751,0,783,119,266,408
1152: 732,267,709,619,1029
1153: 1035,413,79,297,188,991
1154: 372,448,83,944,556,1064
1155: 134,307,583,1061,1111,598
1156: 779,790,854,1162,97,829
1157: 802,809,1116,824,1123,302
1158: 932,582,170,629
1159: 1058,378,700,495,575,452,780
1160: 33,794,55,1121,828,866
1161: 1171,571,182,1067,80
1162: 656,801,1156,1086,829
1163: 1030,1148,848,959,70,1177
1164: 1184,1068,1119,37,340,512
1165: 8,78,121,1149
1166: 485,245,621,82,941,521,616
1167: 300,694,1060,77
1168: 808,441,772,596,1174,915,605
1169: 22,272,427,127,349,962
1170: 1095,1074,179,327,260,778
1171: 1161,34,1067,931,661,789
1172: 578,728,243,129,613,697,402
1173: 672,1117,523,1129,267,228
1174: 1043,1032,596,855,1168,1,915
1175: 1073,38,600,197,280,676
1176: 478,533,301,731
1177: 1106,761,70,1030,1026,1163
1178: 662,396,548,213,363
1179: 889,1025,211,680,484,100
1180: 638,1092,666,814,939,1072,1081
1181: 94,62
1182: 707,635,376,332,295
1183: 844,1021,683,36
1184: 286,1164,920,1119
1185: 993,345,225,87,147,701
1186: 811,1037,494,861,450,839
1187: 965,996,1007,29,1029
1188: 963,493,1050,93,166
1189: 156,1023,641,713,720,628
1190: 1101,317,396,113,776
1191: 1075,456,35,426,514
1192: 404,964,1193,997
1193: 601,787,997,1192
1194: 898,960,891,171,621,636,474,821
1195: 189,362,895,601,997,76,949
1196: 639,912,1097,104,544,933
1197: 184,379,387,277,874,18
1198: 1020,883,1035,991,57,579
1199: 1144,444,448,406,1064
1203: 25,1131,28,459,679
1204: 548,98,4,883,57
1205: 413,79,374,47,911,908
1206: 
1207: 416,468,576,1082,337
1208: 880,239,1033,366,977,935
1209: 68,314,694,345,773,1060
1210: 312,593,342,192,727,126