0: 408,751,558,58,496,540
1: 1154,681,1168,1020,487,1198
2: 724,104,461,258,298,426
3: 504,15,1050,763,46,760
4: 617,526,968,913,548,712
5: 650,942,953,844
6: 988,566,172,290,377,716
7: 442,337,587,730,361,572
8: 1267,874,590,653,121
9: 1127,307,543,1223,803,163
10: 621,1152,631,1040,171,407,509,1166
1280: 62,1181,94,859
1209: 864,314,773,694,1055,186
1214: 753,498,348,586,677,608
1235: 578,402,989,734,906,155
15: 3,504,143,46,872,85
16: 736,38,842,66
17: 35,1145,470,164,434,986
1256: 1170,1282,193,1074,1212,920
19: 374,908,940,529,981,762
20: 299,1009,122,549,475,914
21: 106,394,542,674,566,172
1152: 521,621,10,631,407,1187,941
23: 945,928,1262,754,795,822
24: 1147,224,1085,1124,740,568
25: 1203,476,305,1248,758,679
26: 165,1263,1061,261
27: 604,1220,32,170,629,747
28: 504,1203,85,633,706
29: 996,1029,965,1179,424,619
30: 618,917,284,126,593,927
31: 940,727,917,782,181,529
32: 604,784,27,170,395,919
33: 762,55,807,226,828,866
34: 661,571,789,292,210
35: 17,876,514,1145,1278,164,733
36: 227,671,683,1017,1183,835
37: 783,811,861,512,1119
38: 736,16,585,66,1215,1221
39: 921,190,259,148
40: 360,832,834,238,825,992
41: 1123,1169,1011,1056,1157,1122
42: 934,1054,310,1094,288,1116
43: 271,531,541,946,958
44: 358,103,112,458
45: 840,723,1004,1010,1194,1033
46: 143,847,763,195,3,15
47: 1035,417,1154,525,1198,1199
48: 742,468,633,459,657,109
49: 501,1273,446,1283,1123,285,1011
50: 257,1041,1043,1076,976,222
1270: 74,384,1275,1249,187
52: 806,966,1224,129,697
53: 897,481,622,255,799
54: 669,524,738,1088,1251,1217
55: 794,33,762,686,866,620
56: 976,1107,222,1045,1051,855,1174
57: 816,204,579,883,991,1204
58: 878,496,0,641,540,713
59: 1006,924,1021,957,592,1197
60: 1255,113,174,1101,752,777
61: 281,1258,450,402,380,168
62: 1280,94,282,979,881,859
63: 393,612,888,242,238,250,825
64: 711,96,448,383,745
65: 807,181,316,1058,226,495
66: 1215,280,16,38
67: 1261,774,1097,1246,457,692
68: 300,311,694,1055,993,77
69: 467,613,734,806,697,989
70: 119,266,959,1177
71: 1057,1083,1015,627,202,974
72: 365,422,1268,1266,1084,319
73: 1077,1139,573,1046,352,1064,1032
74: 1225,1270,109,611,1249,160
75: 760,757,488,808,1050,603,605
76: 949,964,1080,150,480
77: 797,1055,300,68
78: 399,1267,1228,455
79: 188,1190,908,413,794
80: 661,571,1253,182,1259,1109
81: 308,602,922,301
1231: 386,795,822,647,247
1167: 1100,909,867,823,822
84: 904,628,263,678,249,564
85: 1203,476,872,504,15,28
86: 836,309,753,498
87: 147,624,451,815,696,610,1034
88: 1129,331,398,1169,890
89: 1095,1019,175,1005,1191
1218: 1244,265,493,166
91: 1075,1081,1150,1115,810,1096
1255: 116,113,60,1091,634,1101
93: 203,190,493,1244,921
94: 282,554,412,62,1280,1181
95: 606,771,984,528
96: 1020,1059,808,711,605,64,448
97: 355,985,788,639
98: 548,1204,816,396,213
99: 593,118,333,1024,194,786
100: 1179,424,1146,232,972
101: 1098,1162,1069,1093,1099,1071
1250: 705,658,1070,479,1054
103: 358,586,44,458,511,667
104: 724,544,2,933,258
1269: 1036,409,615,1039,664
106: 21,394,566,162,403
107: 1138,437,1118,537
108: 250,882,669,246,625,612
109: 1225,74,48,459,657,611
1196: 434,1027,191,691,1113,1106
111: 752,295,113,392
112: 520,458,261,44
113: 1255,116,60,295,752,111
114: 232,972,875,928,750,530
115: 457,1093,770,1067,692,1069
116: 1255,113,1091,729,295,620
117: 477,726,937,826
118: 593,99,927,786,1110,916
119: 266,70,408,341,496
1176: 554,731,328,478,301,588
121: 1240,1252,1228,8,653
122: 599,885,549,20,216,475
1257: 881,785,852,920,327
124: 606,771,418,539,801,829
125: 271,805,362,956,902,480
126: 618,30,1024,1135,439,593
127: 519,207,449,139
1238: 601,964,997,787
129: 243,728,697,1224,52,274
1217: 1251,163,410,543,738,54
131: 954,683,843,198,904,720
132: 780,624,700,1182
133: 1131,1188,293,670
134: 425,438,1111,649,435,583
135: 486,570,308,421
136: 655,541,229,946
137: 861,1211,982,335,494,1258
138: 418,539,536,477
139: 693,127,519,207,449,973,397
140: 368,725,142,197,343
1247: 153,1281,365,1268
142: 983,725,978,553,368,140
143: 678,847,46,249,872,15
144: 216,626,475,429,950,353
145: 203,187,190,970,277,400
146: 1031,901,675,723,1065,645
147: 624,87,451,431
148: 851,39,259,387
149: 936,527,1140,314,773
150: 322,338,902,480,76,1080
1182: 1159,700,452,132
1148: 1163,346,877,1186,1043
153: 1136,1247,1281,1268,467,613,319
154: 668,306,1239,1276,875,562
155: 906,453,1260,734,1265,1235
156: 334,998,198,1000,1189,1023
157: 506,1039,664,704,286,382
158: 916,938,927,284,701,264
159: 180,1134,223
160: 1249,220,611,74,442,587
161: 798,1075,1081,221,1062
162: 538,988,566,106,182
163: 1217,410,9,543,1243,803
164: 470,733,17,35
165: 26,1061,261,598,520,831
166: 493,695,963,1241,265,1218
167: 716,856,217,430,326,377
168: 380,243,728,578,61
1160: 1144,1153,1213,1044,991
170: 646,1158,919,629,582,27,32
171: 1040,509,10
172: 566,6,329,716,674,21
173: 391,401,839,811,827,959,381
174: 776,1101,317,60,1234,777
175: 89,1095,1191,405,235
176: 798,1030,508,214,632,517
177: 704,248,850,369,862,359
178: 430,326,831,520,458,667
179: 327,546,718,778,990
180: 627,1079,159,244,1134,223,1042
181: 807,529,65,31,782,316
182: 1259,538,162,1253,80
183: 563,746,581,565
1157: 1171,1122,1120,41,1169,890
185: 196,535,503,415,886,1239
186: 652,229,830,864,314,1209
187: 145,203,1270,1275,1249,970
188: 79,1178,1190,1205,413
189: 895,949,306,562,362,857
190: 145,203,93,39,921,259,400
191: 923,986,434,1196,1106,1026
192: 1147,740,439,618,1210,727
193: 1170,1256,920,327
194: 347,768,1024,819,534,333,99
195: 763,799,957,622,847,46
196: 535,185,237,682,1216,503
197: 364,1222,1221,140,343
198: 334,156,1189,720,131,954
199: 235,303,1021
200: 257,1041,303,1006,1021
201: 1022,1133,1115,1038,1096
202: 388,423,974,71,627,1079
203: 145,187,190,93,493,1275
204: 57,579,991,1018,297,634
205: 792,354,590,212,1227,948
206: 616,510,462,463,1049
207: 127,1134,449,139,1040,397
208: 1066,717,840,1065,1052,1002
209: 256,990,769,718,320,276
210: 292,1013,1274,34,804,1073
211: 680,484,1146
212: 617,526,205,354,283,1227
213: 396,548,98,617,283,363
214: 767,508,810,460,1081,176,798
215: 663,813,607,856,325,217
216: 626,719,144,475,122,885
217: 856,167,873,215,607,326
1212: 862,359,920,1074,1256
219: 963,385,469,679,793
220: 1249,160,970,442,318,351
221: 1186,1076,1075,161,1068,1062
222: 56,976,1107,1076,50,1014,1068
223: 1134,449,432,244,180,627,159
224: 24,1147,1124,233,643,568
225: 1060,1185,936,527
226: 495,807,65,33,376,828
227: 735,339,671,36,683,843
228: 732,296,267,560,1279,1007
229: 541,652,186,864,136,655
230: 848,827,923,955
1234: 777,776,174,289
232: 114,972,100,424,928,1262
233: 1016,643,1028,525,224,568,268
234: 914,429,748,966,1224,721
235: 405,199,845,175,303,1191,1021
236: 249,564,872,735,476,758
237: 196,535,682,841
238: 63,888,985,825,834,40
1177: 513,70,865
240: 912,673,1242,626,950,544
241: 956,857,637,871,386,647
242: 63,250,934,310,825
243: 728,129,168,456
244: 482,1015,1137,432,449,223,180,627
1166: 1004,975,821,509,621,10
246: 669,524,790,854,108,612
247: 254,647,1140,1231,867
248: 704,850,177,781,615,664
249: 564,236,872,84,678,143
250: 882,108,63,612,242
251: 302,978,375,836,899,567
1268: 365,72,153,1247,1281,319
1283: 446,356,832,1273,49
254: 647,247,1140,637,961,830
255: 759,713,263,878,53,481
256: 769,209,320,953,998,650
257: 1041,50,200,1006,976,1051
258: 298,350,952,104,2
259: 387,400,190,39,148
260: 597,1219,1170,440,778,357
261: 26,165,112,520
262: 781,588,615,602,421,409
263: 759,713,255,84,628,678
264: 701,782,316,688,284,158
265: 670,1241,166,1218
266: 119,381,70,783,408,1164
267: 732,228,1007,1187,619,1029
268: 971,568,233,525,1035,1205
269: 846,1229,343,364,600,672
1150: 1075,91,1172,1115,1163,1186
271: 43,531,125,805,902
1274: 210,1013,1073,693,519
273: 425,438,746,471,665
274: 461,557,721,1224,129
1191: 303,877,89,175,1005,235
276: 320,718,869,209
277: 379,400,970,145,318,411
278: 1210,940,1147,971,568,574,374
279: 448,487,1198,383,406,1082
280: 66,1215,1175,932
281: 61,450,380,1037,648,391
282: 94,979,369,412,850,62
283: 838,363,1227,212,617,213
284: 917,30,927,158,782,264
285: 1011,1142,501,49,770
286: 999,382,1074,157,704,359
1190: 188,79,1178,1144,1018,297
288: 1094,532,42,1054,542
289: 1237,776,1245,1234
290: 988,6,377,344,492,951
291: 1143,338,531,958
292: 210,925,34,983,804
293: 1241,385,1188,133,670
1170: 440,1256,193,778,260
295: 635,729,116,113,392,111
296: 732,228,1025,560,784
297: 1018,1190,1144,204,991
298: 258,350,2,426,514
299: 20,1009,537,549
300: 577,68,311,77
301: 478,922,81,602,588,1176
302: 251,978,375,858,809
303: 1191,877,199,235,1041,200,1021
304: 318,411,351,702,792,354
305: 1248,1188,25,679,385
306: 154,668,562,189,895
307: 9,1127,1111,1114,803
308: 81,602,421,135
309: 836,899,86,842
310: 825,992,242,42,934,1116
311: 300,577,68,993,610,815
1249: 160,220,970,1270,74,187
1228: 121,1240,1267,78,455
314: 773,1209,1140,149,830,186
315: 968,900,1044,883,712
316: 782,264,688,181,65,1058
317: 776,174,1101,816,579
318: 304,411,351,220,970,277
319: 820,1084,153,72,1268,613
320: 276,256,209,650
1193: 404,505,1192
322: 150,338,1080,505,472,1143
1154: 681,1,525,1028,1198,47
1179: 484,100,424,619,29
325: 329,856,215,813,658,705
326: 178,430,831,873,167,217
327: 179,546,852,1257,193
328: 1176,412,781,588,850
329: 716,856,325,674,705,172
1186: 221,1163,1148,1075,1150
331: 1094,532,398,660,88
332: 392,483,635,707
333: 507,534,194,786,1132,99
334: 942,953,998,156,198,954
335: 137,1211,982,906,453,382
1267: 8,78,399,1228
337: 7,587,576,715,730,1207
338: 150,322,902,531,1143,291
339: 735,227,671,1248,758,714
340: 512,1119,589,1074,1282
341: 513,119,878,496,481
1163: 1151,1148,346,1172,1150,1186
343: 269,1229,140,725,197,364
344: 511,492,667,430,290,377
345: 993,1034,527,773,694
346: 1163,1151,1148,515,1005,877
347: 768,194,819
348: 753,1214,358,586
1178: 188,1190,1144,1153
350: 258,298,952,1261,774,514
351: 318,304,442,220,361,702
352: 1128,517,1030,1077,73,573,1001
353: 724,950,144,429,461,721
354: 792,205,702,304,212,526
355: 985,97,1230,639,685,834
356: 1283,1116,992,832
357: 990,769,1000,778,1219,260
358: 103,586,44,348
359: 1212,862,704,177,286
360: 685,832,939,834,40,666
361: 702,913,572,442,7,351
362: 956,857,189,949,480,125
363: 863,283,838,662,396,213
364: 197,1222,269,343,676,600
365: 422,72,1268,1247
1169: 41,1123,890,88,1157
367: 415,708,668,601,787,895
368: 585,567,140,978,142
369: 282,979,850,177,862,785
1225: 109,74,384,459,469,793
1207: 730,436,1082,576,444,337
1245: 662,396,776,289,1237
1199: 1108,406,1198,47,417
374: 908,413,19,971,940,278
375: 251,302,498,677,858,836
376: 635,729,828,866,226,483
377: 6,290,430,716,167,344
378: 707,483,495,1121,1159
379: 277,387,400,411,874
380: 755,168,281,61,648
381: 266,173,783,811,959
382: 286,999,453,157,506,1211,335
383: 416,745,64,448,279,1082
384: 1225,1270,1275,695,793
385: 963,1241,293,219,305,679
386: 1231,795,871,530,241,647
387: 259,379,400,148,851
388: 423,202,974,460,1047,466
389: 651,948,1271,838,926,1227
1258: 61,450,402,137,982,494
391: 401,839,173,281,450,1037
392: 332,635,295,111
393: 63,612,888,854,779
394: 21,106,542,532,403,660
395: 600,919,560,672,784,32
396: 662,1245,213,98,363
397: 1040,407,139,207,973,518
398: 446,331,88
399: 78,851,1267
400: 277,259,379,387,145,190
401: 391,839,173,1037,955,827
402: 1235,578,906,1258,61,982
403: 1259,106,394,660,987
404: 1193,1080,505,997
405: 845,235,175,865
406: 1108,1199,444,279,1082
407: 1040,397,518,631,10,1152
408: 751,1164,0,119,266,496
409: 1036,1269,486,421,262,615
410: 1251,1217,163,1236,1243,447
411: 318,304,277,379,792,874
412: 554,328,850,94,282
413: 374,908,971,1205,188,79
1239: 154,668,185,1276,503,415
415: 367,708,886,185,668,1239
416: 383,576,1089,745,1082
417: 1035,47,1108,1199,1153
418: 539,138,536,124,656,829
419: 824,538,951,837,858
420: 973,518,631,1173,1279,1007
421: 308,602,135,486,409,262
422: 365,72,570,1266
423: 388,202,974,1079,1031,1103,466
424: 100,1179,29,965,232,1262
425: 438,134,273,563,746,1111
426: 1277,2,461,557,298
427: 1137,432,789,1013
1226: 478,922,1232,1048
429: 914,234,144,475,353,721
430: 178,326,167,344,667,377
431: 700,575,701,688,147,624,451
432: 1137,427,1013,244,519,449,223
433: 545,1033,819,840,1002,768
434: 1027,1196,17,1145,986,191
435: 690,649,134,583,663,607
436: 730,1207,1213,444,900,1044
437: 1138,107,1009,537,748,1104
438: 425,134,273,471,1061,583
439: 1135,740,192,618,126
440: 1170,1282,589,597,260
1242: 673,1141,240,912,639
442: 7,587,160,220,361,351
1189: 641,540,1023,156,198,720
444: 1108,1213,406,1207,436,1082
445: 859,881,852,994
446: 398,1283,49,1123
447: 887,690,1243,410,1236,663,813
448: 279,487,1020,96,64,383
449: 127,519,1134,207,223,432,244,139
450: 281,1258,61,494,391,839
451: 147,624,87,696,938,701,431
452: 700,575,1121,1159,1182
453: 906,155,1260,506,335,382
454: 507,534,644,1195,463,584
455: 1149,78,1240,1228
456: 755,557,243,1277
457: 115,770,1246,67,692
458: 112,520,178,103,44,667
459: 469,706,48,633,1225,109
460: 810,1047,1096,388,466,767,214
461: 274,557,721,724,2,353,426
462: 996,965,206,616,945,1049
463: 1049,584,206,510,1195,454
1165: 1149,929
1248: 305,758,714,1188,339,25
466: 1031,388,423,460,675,767
467: 69,613,1136,153,806,1104
468: 742,48,642,1089,657
469: 459,706,679,219,1225,793
470: 164,1037,17,923,986,955
471: 1155,665,438,273,1263,1061
472: 1192,505,322,1143
473: 741,863,926,905
1262: 945,928,23,424,965,232
475: 216,144,122,20,914,429
476: 1203,85,25,236,872,758
477: 117,937,138,536
478: 1226,922,301,1048,1176,731
479: 882,1070,1250,934,1054
480: 150,902,949,76,362,125
481: 53,341,513,878,255
482: 244,1015,1161,1105,1137
483: 495,635,376,707,378,332
484: 1179,619,732,1025,211
1161: 482,1015,1171,1105,551,1057
486: 135,570,1266,421,1036,409
487: 448,279,1198,1020,1
488: 757,75,592,1197,808,1045,605
1236: 1251,410,625,887,1070,447
1216: 680,682,196,503,1146
1224: 966,52,234,274,721,129
492: 344,511,290,837,608,951
493: 1275,166,695,1244,1218,203,93
494: 137,861,1258,450,839,811
495: 226,483,1121,65,1058,378
496: 58,878,119,408,0,341
1181: 1280,554,94
498: 753,1214,677,836,86,375
1187: 1007,631,267,521,1152,1029,941
1155: 471,665,1272,1263
501: 1273,49,814,285
1219: 597,558,260,357,1000,1023
503: 1276,1216,196,185,1239
504: 3,15,28,1050,85
505: 1193,404,1080,322,1192,472
506: 157,1039,453,1260,382
507: 534,454,333,584,909,1132
508: 675,767,214,176,632,717,645
509: 684,1008,821,1040,171,10,1166
510: 206,1130,818,1195,463
511: 344,492,667,103,586,608
512: 340,1119,861,999,37
513: 341,1177,481,865
514: 35,876,298,350,1278,774
515: 1151,346,1005,1126,1113,1019
1265: 820,1084,860,734,155,1260
517: 352,1128,176,1030,632,573
518: 420,973,631,397,407
519: 127,449,1013,1274,432,693,139
520: 112,458,165,261,178,831
521: 621,1152,1187,941,616,1130
1195: 818,1125,510,463,454,644
1147: 192,24,224,568,1210,278
524: 669,246,54,1088,528,790
525: 1154,233,1028,268,1035,47
526: 212,617,4,702,913,354
527: 936,149,225,773,345
528: 984,1088,606,95,524,790
529: 807,181,981,31,940,19
530: 750,871,114,928,386,795
531: 43,271,338,902,291,958
532: 1094,288,331,394,542,660
1220: 604,27,747,884,680
534: 507,454,644,333,819,194
535: 196,185,237,886
536: 418,138,477,937,656,659
537: 299,1009,437,107
538: 824,419,951,162,1253,988,182
539: 418,138,124,771
540: 641,1189,1023,0,558,58
541: 652,229,43,946,136
542: 21,394,674,532,288
543: 893,738,1223,9,1217,163
544: 724,104,950,240,912,933
545: 433,1078,1002,768,1135
546: 179,327,718,852,869,994
1175: 1215,280,1222,1158,932,676
548: 712,1204,98,617,4,213
549: 599,122,20,299
550: 916,696,938,1110,1060
551: 1171,1122,1090,1161,1057,1112
1244: 1218,493,93,921
553: 809,925,802,983,142
554: 1176,731,412,1087,94,1181
555: 884,841,699,747
1149: 455,1165
557: 274,461,426,1277,456
558: 597,1219,751,0,540,1023
1251: 1217,410,1236,669,54,625
560: 672,1279,395,784,228,296
1266: 486,570,422,72,1084,1036
562: 750,871,875,154,306,189,857
563: 746,581,183,1114,1111,425
564: 249,236,904,84,843,735
565: 892,1272,746,183,665
566: 988,6,172,21,106,162
567: 585,368,899,251,978,736
568: 971,268,574,233,24,1147,224,278
1192: 472,1193,505
570: 135,486,1266,422
571: 34,661,80,1253,925,802
572: 361,913,730,7,968,900
573: 1077,73,1030,1046,352,517
574: 971,568,278
575: 700,452,431,1058,688,1121
576: 416,1089,715,1207,1082,337
577: 300,311,815,780
578: 1235,402,989,728,697,168
579: 57,816,204,634,1101,317
1151: 1163,346,515,1126,1172,1184
581: 563,746,183,1114
582: 629,699,646,170
583: 598,873,438,134,435,607
584: 463,1049,823,507,454,909
585: 368,567,736,38,1221
586: 358,103,511,1214,348,608
587: 442,7,337,611,715,160
588: 781,262,602,301,1176,328
589: 340,1119,440,751,1164,597
590: 792,205,8,874,948,653
1230: 912,639,933,355,685,1264
592: 763,957,59,1197,757,488
593: 99,118,927,1024,30,126
1185: 1132,1110,1100,225,1060
1246: 1254,814,67,1261,457
1223: 543,893,9,1127
597: 1219,558,260,589,440,751
598: 583,873,165,1061,831
599: 122,885,826,549
600: 395,676,919,364,269,672
601: 964,1238,787,367,895
602: 81,308,421,301,262,588
603: 711,642,605,75,1050,742
604: 784,27,1220,32,1025
605: 711,603,808,75,488,96
606: 124,95,771,528,801,790
607: 215,663,435,583,873,217
608: 677,837,586,511,492,1214
1164: 408,751,783,1119,589,266
610: 993,1034,696,87,815,311
611: 657,715,109,74,587,160
612: 393,63,246,854,250,108
613: 467,69,734,153,820,319
614: 1073,693,846,1173,973
615: 781,262,1269,409,664,248
616: 206,1130,521,996,462,941
617: 212,526,4,548,213,283
618: 917,30,126,439,192,727
619: 484,1179,732,267,1029,29
620: 729,866,55,686,116,1091
621: 521,10,1152,975,1166,1130
622: 53,897,924,799,957,195
623: 905,651,1233,800
624: 147,87,451,815,700,431,132,780
625: 669,1251,1236,1070,882,108
626: 216,719,144,673,240,950
627: 180,1079,244,1015,71,223,202
628: 904,84,720,641,713,263
629: 699,747,582,170,27
1261: 67,774,350,952,1254,1246
631: 420,518,407,1007,1187,10,1152
632: 1066,717,645,508,176,1128,517
633: 742,48,28,459,706
634: 1018,204,579,1255,1091,1101
635: 729,376,295,483,332,392
1194: 818,1125,1004,975,45,1033
637: 956,241,254,647,805,961
1232: 1048,1226
639: 1230,912,1242,355,97
1279: 560,1173,420,228,1007
641: 1189,540,58,713,720,628
642: 711,603,742,468,1089,745
643: 1016,233,1077,1001,1124,224
644: 534,454,1125,1195,819
645: 632,717,146,675,508,1065
646: 1158,932,170,582
647: 254,247,1231,386,241,637
648: 1037,733,755,380,281
649: 690,803,435,1111,134
650: 5,256,320,953
651: 389,1271,1233,926,905,623
652: 541,961,229,830,186
653: 948,1271,590,8,121,1252
1204: 548,712,98,57,816,883
655: 136,229,864,797
656: 829,1284,418,536,659
657: 611,715,48,468,1089,109
658: 887,1070,813,325,705,1250
659: 744,1141,536,937,656,1284
660: 987,1129,394,532,331,403
661: 34,571,80,789,1109,931
662: 1245,396,863,363,1237,741
663: 215,813,607,690,435,447
664: 157,1039,1269,615,704,248
665: 1155,471,565,1272,746,273
666: 1264,360,685,939,1254
667: 344,511,458,178,430,103
668: 154,306,1239,415,367,895
669: 524,246,54,625,1251,108
670: 265,133,1241,293
671: 339,227,36,1053,835,714
672: 560,1173,269,395,600
673: 744,1242,1141,626,719,240
674: 705,329,172,21,542
675: 767,508,146,1031,466,645
676: 600,919,1175,364,1222,1158
677: 837,858,608,498,1214,375
678: 143,847,759,263,84,249
679: 469,706,1203,25,305,385,219
680: 211,1216,1220,682,884
681: 1154,1,1168,1064,1028
682: 884,841,680,1216,196,237
683: 131,954,843,1183,227,36
684: 1042,1008,821,509,901,1103,1010
685: 360,834,355,1230,666
686: 1018,794,55,620,1091
1210: 940,727,278,192,1147
688: 701,316,264,575,431,1058
1275: 493,695,1270,384,203,187
690: 649,1243,803,435,663,447
691: 1126,1113,1092,1027,1196,1086
692: 1180,1067,67,1097,115,457
693: 1073,614,139,1274,519
694: 773,1209,1055,993,345,68
695: 493,1275,166,793,963,384
696: 938,550,610,1034,87,451
697: 728,129,806,52,69,578,989
1188: 305,1248,714,1131,133,293
699: 629,747,582,555
700: 452,575,431,624,132,1182
701: 264,688,938,158,451,431
702: 361,913,304,351,526,354
1241: 963,385,293,670,265,166
704: 248,177,157,664,286,359
705: 674,1250,658,329,325
706: 459,469,679,28,1203,633
707: 378,483,332
708: 415,367,886,787
1272: 565,892,1155,665
710: 1240,1252,1233,800,929
711: 642,603,605,64,96,745
712: 548,1204,315,968,883,4
713: 263,255,58,878,641,628
714: 1248,1188,339,671,1053,1131
715: 657,611,576,1089,337,587
716: 329,856,167,6,172,377
717: 1066,632,208,645,508,840,1065
718: 179,546,869,990,209,276
719: 216,626,726,885,673,744
720: 904,628,641,1189,198,131
721: 274,461,234,429,1224,353
1184: 1172,1038,1003,1086,1126,1151
723: 840,1065,45,146,901,1010
724: 104,950,544,2,353,461
725: 983,804,142,140,1229,343
726: 117,937,885,826,744,719
727: 31,1210,940,192,618,917
728: 243,129,697,578,989,168
729: 635,376,866,295,620,116
730: 1207,436,7,337,900,572
731: 1176,554,478,1048,1087
732: 228,296,267,1025,484,619
733: 164,648,1278,1277,755,35
734: 69,613,820,1265,1235,989,155
735: 339,227,843,564,236,758
736: 16,38,842,899,585,567
1183: 1017,844,942,954,683,36
738: 543,893,969,1088,1217,54
1227: 283,838,212,205,948,389
740: 1135,439,1078,1085,192,24
741: 473,662,863,1237
742: 48,468,633,1050,642,603
743: 1033,1125
744: 659,673,1141,726,937,719
745: 383,416,1089,711,642,64
746: 563,581,183,565,665,425,273
747: 629,699,27,1220,555,884
748: 914,234,1009,437,966,1104
1198: 279,487,1154,1,47,1199
750: 871,530,562,114,875
751: 408,1164,0,589,597,558
752: 111,113,60,777
753: 498,1214,348,86
754: 1049,823,945,23,822
755: 380,456,1277,733,648
1174: 1168,915,1064,1032,56,1107,855
757: 760,75,488,763,592
758: 1248,236,735,339,476,25
759: 263,255,799,678,847
760: 757,75,763,3,1050
1159: 1182,452,1121,378
762: 794,33,55,908,19,807,981
763: 957,195,592,46,760,757,3
1168: 1174,915,1064,1020,681,1
1153: 1144,1160,417,1108,1178
1229: 269,846,343,804,725,1073
767: 675,508,214,810,460,466
768: 347,1024,194,545,433,819,1135
769: 256,990,357,209,1000,998
770: 115,457,1093,285,1142
771: 124,606,95,539
1240: 121,710,1252,1228,455
773: 314,1209,694,149,527,345
774: 67,1261,1097,350,876,514
1252: 121,710,1240,1271,1233,653
776: 174,317,1245,1234,289
777: 1234,60,174,752
778: 179,1170,260,990,357
779: 801,854,829,393
780: 132,624,815,577
781: 262,588,615,328,248
782: 316,264,917,284,31,181
783: 37,811,1119,381,266,1164
784: 604,32,395,560,296,1025
785: 881,1257,979,369,862,920
786: 1132,1110,333,99,118
787: 601,1238,367,708
788: 1284,97
789: 34,661,931,1013,427
790: 801,854,528,606,524,246
1263: 26,1061,1155,471
792: 205,354,590,304,411,874
793: 695,469,963,219,1225,384
794: 762,55,908,79,686
795: 1231,386,822,928,23,530
1278: 1277,35,514,733
797: 77,864,1055,655
798: 176,161,1030,1081,214,1062
799: 195,53,622,759,847
800: 929,1233,710,623
801: 790,854,779,124,606,829
802: 553,809,824,1253,571
803: 690,649,1243,9,307,1111,163
804: 983,725,292,210,1229,1073
805: 271,125,956,637,961
806: 1104,52,467,69,697
807: 181,529,981,65,33,762,226
808: 1045,75,488,1059,96,605
809: 553,802,824,302,978
810: 460,1047,1096,1081,91,767,214
811: 783,37,494,839,173,381
1213: 1108,444,436,1160,1044
813: 215,663,658,887,447,325
814: 1254,1246,939,501,1273
815: 624,87,610,577,311,780
816: 57,579,1204,98,317
1233: 651,1271,710,1252,623,800
818: 1195,1194,975,510,1130
819: 433,1125,534,644,347,768,194
820: 1084,319,1265,613,734
821: 684,1008,509,1004,1010,1166
822: 1231,795,23,754,823,1167
823: 754,1049,584,822,1167,909
824: 538,419,1253,809,802
825: 310,992,63,242,238,40
826: 599,885,117,726
827: 848,230,959,401,173,955
828: 376,866,33,226
829: 656,124,418,801,779
830: 961,652,186,254,1140,314
831: 178,326,165,598,873,520
832: 360,939,40,992,356,1283,1273
1281: 1136,153,1247,1118,1268
834: 360,685,40,238,355,985
835: 1053,1017,671,36
836: 309,899,86,498,251,375
837: 677,858,608,492,419,951
838: 863,283,363,926,1227,389
839: 391,401,173,450,494,811
840: 723,1065,45,717,208,433,1033,1002
841: 555,682,884,237
842: 736,16,309,899
843: 131,683,904,564,735,227
844: 1017,1183,942,5
845: 405,235,897,865,924,1021
846: 269,1229,1073,614,1173
847: 678,143,46,759,799,195
848: 827,230,959
1173: 672,1279,846,614,420
850: 248,177,412,328,282,369
851: 148,387,399
852: 881,1257,445,327,546,994
1172: 1115,1038,1184,1163,1151,1150
854: 801,790,779,246,393,612
855: 1045,56,1107,1174,915,1059
856: 329,716,325,167,217,215
857: 362,956,241,871,562,189
858: 677,837,419,302,375
859: 445,62,1280,881
860: 1084,1265,1036,1260,1039
861: 137,1211,494,37,512
862: 1212,359,920,177,369,785
863: 838,363,926,662,741,473
864: 1209,1055,229,186,655,797
865: 897,513,1177,405,845
866: 729,376,828,620,33,55
867: 1100,1167,247,936
1205: 1035,971,268,413,188
869: 994,546,718,276
1237: 289,662,1245,741
871: 750,530,562,386,241,857
872: 249,236,143,15,476,85
873: 598,583,607,326,831,217
874: 8,411,379,792,590
875: 114,972,1276,154,750,562
876: 35,514,1145,774,1097
877: 303,1191,1148,346,1005,1041,1043
878: 58,496,341,481,713,255
1222: 197,364,1221,1215,1175,676
1243: 690,803,163,410,447
881: 785,852,1257,979,62,859,445
882: 479,250,108,625,1070
883: 57,991,315,712,1204
884: 555,682,841,747,1220,680
885: 599,122,826,726,216,719
886: 415,708,535,185
887: 658,1070,447,1236,813
888: 393,63,238,985
1271: 651,948,389,1233,653,1252
890: 1169,88,1129,1117,1157,1120
1260: 453,155,1265,860,506,1039
892: 565,1272
893: 543,738,1223,969
1171: 1105,1157,1122,1120,551,1161
895: 189,949,367,668,306,601
1221: 197,1222,38,585,1215
897: 53,865,622,845,924
1259: 182,403,987,1109,80
899: 836,309,251,736,842,567
900: 315,968,1044,730,436,572
901: 146,1031,1103,684,1010,723
902: 150,338,480,271,531,125
1203: 476,85,25,28,706,679
904: 84,720,628,131,843,564
905: 623,926,651,473
906: 453,155,1235,402,982,335
1162: 1098,101,1069,1156,1003,1022
908: 374,413,19,79,794,762
909: 1100,1167,584,823,507,1132
1264: 666,1230,933,952,1254
1206: 
912: 240,1230,639,933,1242,544
913: 361,702,572,968,526,4
914: 234,429,748,20,1009,475
915: 1174,1168,855,1020,1059
916: 938,158,550,1110,118,927
917: 618,30,284,31,727,782
1180: 1067,692,1092,1097,1027
919: 395,676,600,1158,170,32
920: 1212,862,785,1257,1256,193
921: 39,1244,190,93
922: 1226,478,301,81
923: 986,955,191,470,230,1026
924: 59,1021,845,897,622,957
925: 553,571,292
926: 863,838,651,389,473,905
927: 593,118,30,284,916,158
928: 23,1262,232,114,530,795
929: 800,710,1165
1156: 1003,1086,1067,1092,1162,1069
931: 1117,1102,1109,661,789
932: 646,1158,280,1175
933: 1230,912,104,544,1264
934: 42,1054,479,242,310
1211: 137,861,335,999,382
936: 149,527,1100,867,225
937: 117,477,726,536,659,744
938: 916,696,158,550,701,451
939: 360,832,666,1273,814
940: 31,1210,727,278,374,19,529
941: 996,1029,1187,521,1152,616
942: 334,953,5,954,844,1183
1282: 440,1256,1074,340
1273: 501,49,832,939,1283,814
945: 23,1262,965,462,754,1049
946: 958,43,541,136
1277: 426,1278,557,755,456,733
948: 389,1271,653,205,590,1227
949: 189,895,76,362,480
950: 724,544,353,626,144,240
951: 538,419,492,988,290,837
952: 258,350,1264,1254,1261
953: 334,942,998,256,650,5
954: 131,683,334,942,198,1183
955: 923,470,1037,401,827,230
956: 362,241,857,637,125,805
957: 763,195,592,622,924,59
958: 946,43,531,291
959: 848,827,173,381,70
1215: 66,280,1175,38,1222,1221
961: 652,830,637,254,805
1158: 646,932,170,1175,676,919
963: 1241,385,219,166,695,793
964: 601,997,1238,76,1080
965: 996,29,462,424,945,1262
966: 1224,1104,52,234,748
1276: 503,972,875,154,1239
968: 315,900,913,572,712,4
969: 984,1206,1088,893,738
970: 1249,220,145,187,318,277
971: 568,268,574,1205,278,374,413
972: 232,114,875,100,1276,1146
973: 420,518,614,139,397
974: 388,423,202,1083,71,1072,1047
975: 1004,1166,621,1130,818,1194
976: 56,1107,222,257,50,1051
1253: 824,538,182,802,571,80
978: 251,302,809,368,567,142
979: 282,369,62,881,785
1254: 1246,814,666,1264,952,1261
981: 807,529,19,762
982: 137,335,402,906,1258
983: 804,725,142,553,292
984: 1206,969,1088,528,95
985: 355,97,888,238,834
986: 923,191,17,470,434
987: 660,1129,1109,1259,403
988: 566,6,290,538,951,162
989: 1235,578,69,734,728,697
990: 769,357,209,179,718,778
991: 57,204,883,1144,1160,297
992: 310,825,832,40,356,1116
993: 610,345,1034,694,68,311
994: 869,852,445,546
1197: 1045,1051,1006,59,592,488
996: 1029,29,965,462,941,616
997: 964,1238,404,1080
998: 334,953,156,256,769,1000
999: 286,382,1074,1211,512
1000: 769,357,1219,1023,998,156
1001: 1012,1124,352,1128,1077,643
1002: 1052,1078,840,208,545,433
1003: 1156,1086,1162,1022,1038,1184
1004: 1010,975,1166,821,45,1194
1005: 346,515,1019,89,1191,877
1006: 59,1021,257,200,1197,1051
1007: 1187,1279,420,631,228,267
1008: 1042,684,821,509,1134,1040
1009: 20,299,537,437,914,748
1010: 1004,684,821,901,723,45
1011: 285,1142,1056,49,41,1123
1012: 1001,1124,1066,1128,1052,1085
1013: 210,1274,789,427,432,519
1014: 1046,1068,1107,222,1032
1015: 244,482,1161,1057,71,627
1016: 233,643,1028,1077,1139
1017: 844,1183,36,835
1018: 686,297,634,1190,204,1091
1019: 1113,1106,89,515,1005
1020: 1059,96,1168,915,1,448,487
1021: 1006,924,59,303,199,845,235,200
1022: 201,1133,1098,1162,1003,1038
1023: 1189,540,1219,558,1000,156
1024: 768,194,593,99,126
1025: 732,296,604,784,484
1026: 1106,1095,923,191
1027: 434,1196,1180,1092,691
1028: 1016,233,1139,1154,681,525
1029: 996,29,941,267,1187,619
1030: 176,798,1046,1062,352,517,573
1031: 146,901,1103,466,423,675
1032: 1174,1064,1046,1014,1107,73
1033: 433,743,840,45,1125,1194
1034: 993,610,345,696,87
1035: 47,417,1205,525,268
1036: 1269,409,486,1266,1084,860
1037: 470,648,281,391,401,955
1038: 1172,1115,1184,1003,1022,201
1039: 157,506,664,860,1269,1260
1040: 171,397,407,1134,207,1008,509,10
1041: 257,50,1043,200,303,877
1042: 684,1008,180,1079,1103
1043: 1041,50,1148,877,1076
1044: 315,900,1213,436,1160
1045: 1197,808,1051,855,56,488,1059
1046: 1014,1068,1062,1030,73,573,1032
1047: 810,460,1096,1072,388,974
1048: 1232,1226,478,731,1087
1049: 754,463,584,823,462,206,945
1050: 3,504,760,75,603,742
1051: 1197,1045,257,1006,56,976
1052: 1078,1002,1085,1066,208,1012
1053: 835,671,714,1131
1054: 42,934,479,1250,288
1055: 864,1209,694,797,77,68
1056: 1011,1142,41,1122,1090,1071
1057: 1083,71,1112,551,1015,1161
1058: 575,316,688,65,495,1121
1059: 1020,96,808,1045,855,915
1060: 225,1110,1185,550
1061: 26,165,1263,471,438,598
1062: 1046,1068,221,161,798,1030
1063: 1083,1112,1072,1099,1098,1133
1064: 1174,1168,1032,73,1139,681
1065: 840,723,146,717,208,645
1066: 632,717,208,1128,1052,1012
1067: 1180,692,1092,115,1069,1156
1068: 1046,1014,1062,1076,221,222
1069: 101,1162,115,1093,1067,1156
1070: 658,887,1236,625,479,882,1250
1071: 1099,1090,1142,1056,1093,101
1072: 1083,1063,1133,974,1047
1073: 614,693,804,210,1274,846,1229
1074: 286,999,1212,340,1282,1256
1075: 1081,1150,91,1186,221,161
1076: 221,50,1043,1068,222
1077: 73,1139,573,352,1001,1016,643
1078: 1052,1002,1085,545,1135,740
1079: 180,627,423,202,1042,1103
1080: 404,505,964,997,76,150,322
1081: 1075,91,810,214,161,798
1082: 1207,279,383,416,576,406,444
1083: 1057,71,1063,1112,1072,974
1084: 820,319,1265,860,72,1266,1036
1085: 1052,1078,1012,1124,740,24
1086: 1156,1003,1092,691,1126,1184
1087: 1048,554,731
1088: 984,969,528,738,524,54
1089: 416,576,745,642,468,657,715
1090: 1099,1071,1056,1122,551,1112
1091: 1255,116,686,1018,634,620
1092: 1180,1067,1027,1156,1086,691
1093: 115,770,1142,1071,101,1069
1094: 532,288,331,42,1116
1095: 89,1026,175
1096: 810,460,1047,201,1115,91
1097: 67,774,876,1145,1180,692
1098: 101,1162,1099,1063,1022,1133
1099: 1090,1071,1098,101,1063,1112
1100: 1167,909,867,1132,1185,936
1101: 174,317,634,579,1255,60
1102: 1117,931,1105,1120,1137
1103: 1031,901,1079,423,1042,684
1104: 806,966,1138,437,748,467
1105: 1171,1120,1102,1137,482,1161
1106: 1026,1196,191,1113,1019
1107: 56,976,222,1014,855,1174,1032
1108: 1213,406,1199,444,417,1153
1109: 987,1129,1259,661,80,1117,931
1110: 786,1185,118,1060,916,550
1111: 307,563,1114,425,134,649,803
1112: 1057,1083,1063,551,1099,1090
1113: 691,1126,1019,1196,1106,515
1114: 563,581,1127,307,1111
1115: 1172,1038,201,1096,1150,91
1116: 356,42,310,992,1094
1117: 1102,931,1129,1109,890,1120
1118: 1138,107,1136,1281
1119: 340,512,589,783,37,1164
1120: 1171,1105,1157,890,1117,1102
1121: 495,452,575,1058,1159,378
1122: 1171,1157,551,41,1056,1090
1123: 41,1169,446,49,1011
1124: 1001,1012,1085,643,24,224
1125: 1195,1194,1033,743,819,644
1126: 691,1113,1086,1184,1151,515
1127: 9,307,1114,1223
1128: 352,517,1066,632,1001,1012
1129: 660,88,987,1109,890,1117
1130: 616,510,521,621,975,818
1131: 133,1053,714,1188
1132: 786,1185,507,333,1100,909
1133: 1022,201,1098,1063,1072
1134: 207,449,223,180,159,1040,1008
1135: 740,439,545,1078,768,126
1136: 153,1281,1138,1118,467
1137: 427,432,1102,1105,244,482
1138: 437,107,1118,1136,1104
1139: 1077,73,1064,1016,1028
1140: 254,247,149,830,314
1141: 659,673,744,1242,1284
1142: 285,1011,1056,1093,770,1071
1143: 291,322,338,472
1144: 1160,1153,1178,1190,297,991
1145: 17,35,876,1097,434
1146: 211,1216,100,972
1284: 656,788,659,1141