0: 408,751,597,558,496,540
1: 487,915,1064,1168,1154,448
2: 258,298,724,104,461,426
3: 504,15,1050,46,760,763
4: 617,526,968,913,548,712
5: 650,942,953,844
6: 988,566,377,290,172,716
7: 442,337,587,730,361,572
8: 1228,590,184,653,121
9: 1114,1127,543,1223,803,163
10: 1040,171,509,1166,621,407,1004
11: 33,762,529,940,19,981
1209: 186,314,1055,773,694
1214: 753,498,348,586,677,608
1235: 578,402,989,906,155,105
15: 3,504,143,46,872,85
16: 736,38,842,66
17: 470,986,733,164,35
1256: 1170,440,1074,1212,193
19: 940,908,79,762,11,794
20: 299,1009,122,549,475,914
21: 106,394,674,542,566,172
22: 427,1109,500,1013,962
23: 424,928,945,754,965,795
24: 1078,1124,740,568,643,971
25: 1203,476,305,758,679
26: 165,261,1155
27: 604,32,1220,170,629,747
28: 504,1203,85,742,633,706
29: 484,619,100,1029,232,424
30: 126,917,284,439,618,727
31: 152,529,727,917,981,181
32: 604,27,296,170,784,919,629
33: 866,762,11,807,981,828
34: 292,210,925,789,571,983,804
35: 1145,876,733,17,986
36: 227,671,683,1183,1017,835
37: 783,811,494,861,512
38: 736,16,585,66,1215,1221
39: 921,190,259,148
40: 360,238,992,356,832
41: 446,285,890,1171,1161,1105
42: 288,934,242,1054,310,1116
43: 271,531,541,946,958
44: 358,103,112,458
45: 840,723,1033,1194,474,1010
46: 143,847,763,3,15
47: 268,574,1205,689,1035,944
48: 633,642,459,657,468,109
49: 1142,1090,501,446,285
50: 1046,222,1014,56,1107,1043
51: 235,303,89,1113,1005,877
52: 806,966,1224,728,129,697
53: 897,622,1021,865,481,255
54: 669,524,738,1088,1251,1217
55: 866,762,686,794,1018,620
56: 976,200,1107,1174,1043,50
57: 204,1178,883,1204,816,579
58: 341,496,878,540,641,759,713
59: 799,195,924,622,1021,947,796
60: 113,1091,174,1101,752,777
61: 281,982,402,168,380
62: 1181,94,979,859
63: 393,612,888,242,250,825
64: 448,279,487,96,1082,383
65: 807,833,316,495,1121,378,226
66: 1215,280,16,38
67: 1086,1022,1027,1196,1180
68: 993,311,694,1055,77,300
69: 467,734,613,806,697,989
70: 381,119,1106,513,761,1177
71: 1015,627,1057,1093,1112,974
72: 422,319,486,570,1084,1036
73: 233,1016,1014,1107,1032,1139,525
74: 384,109,611,1249,160,187
75: 760,757,1197,1050,605,603
76: 949,480,964,1080,150
77: 797,1055,68,300
78: 399,1228,455
79: 1153,413,908,19,794,1190
80: 182,1259,1253,661
81: 308,602,922,301
1231: 386,795,822,867,647,247
1167: 936,527,867,1100,1185
84: 904,628,263,678,249,564
85: 1203,476,872,504,15,28
86: 836,309,753,498
87: 147,640,610,575,1034,451,696
88: 987,1169,272,1129,789,661
89: 515,1126,1113,1151,1005,51
1218: 1244,265,493,166
91: 101,221,1047,1072,1096,1081,1148
1255: 1101,634,1178,1091
93: 145,190,493,203,1244,921
94: 282,979,412,554,1181,62
95: 606,771,984,528
96: 487,915,488,711,605,64,383
97: 355,985,788,639
98: 396,548,816,213
99: 1135,118,333,593,786
100: 484,29,211,1179,232,972
101: 221,91,1063,1069,1083,1072
102: 940,910,152,529
103: 358,586,44,458,511,667
104: 724,544,933,258,2
105: 906,335,155,1260,820,1235,453
106: 21,394,566,1011,162,182
107: 1138,437,1118,537
108: 882,250,669,246,625,612
109: 1225,384,74,48,459,657,611
1196: 1027,350,1246,1254,1086,67
111: 752,113,392,295
112: 520,458,261,44
113: 60,116,1091,295,752,111
114: 232,972,875,928,750,530
115: 1093,692,457,1067,770,1056
116: 113,1091,1018,729,620,295
117: 477,726,937,826
118: 1135,99,927,786,1110,158,916
119: 381,266,1164,70,761
1176: 554,328,731,781,588
121: 1240,653,8,1228,1252
122: 599,885,549,20,216,475
123: 127,159,207
124: 606,771,418,539,801,829
125: 956,362,480,902,271,805
126: 30,284,1024,439,1135,927
127: 123,159,207,962,139,516
1238: 601,964,787,997
129: 243,728,52,1224,274,557
1217: 1251,410,163,543,738,54
131: 954,683,843,198,904,720
132: 780,452,1159,707
133: 1131,1188,293,670
134: 307,273,649,435,690,583
135: 486,570,409,308,421
136: 655,541,946
137: 861,1211,1258,906,335,982
138: 418,539,536,477
139: 693,973,1117,127,962
140: 368,725,142,197,343
1247: 1136,153,365
142: 983,725,978,553,368,140
143: 46,678,249,872,15
144: 216,626,475,429,950,353
145: 190,400,93,970,187,203
146: 1031,901,675,645,723,1065
147: 87,610,575,815,624,700
148: 851,39,259,387
149: 936,527,1140,314,773
150: 322,338,902,76,480,1080
1182: 707,378,483,1159
152: 31,529,727,1210,278,940,102,910
153: 1136,1247,365,319,613
154: 306,1239,889,503,875
155: 105,734,820,989,1235
156: 334,998,198,1000,1189,1023
157: 506,382,453,704,664,286
158: 938,916,701,118,927,264
159: 127,123,207,962,427,1134,449
160: 1249,220,611,74,442,587
161: 1081,798,1148,1076,346,1062
162: 538,988,566,106,182
163: 1217,410,9,543,803,1243
164: 755,648,456,733,470,17
165: 26,261,1061,598,831,520
166: 493,963,1241,265,1218
167: 716,856,217,430,326,377
168: 578,402,243,728,380,61
169: 1040,171,397
170: 1158,919,629,32,27
171: 1040,169,10,397,561,407
172: 566,6,329,716,674,21
173: 401,839,811,827,381,266
174: 317,1101,60,776,1234,777
175: 1184,943,1126,1151,405
176: 1030,573,214,798,767,508,517
177: 781,1039,506,248,664
178: 430,326,831,520,458,667
179: 327,323,718,1170,778,990
180: 1015,627,223,388,1079,423,202
181: 833,981,917,31,782,316
182: 80,1259,106,162
183: 892,665,746,425
184: 8,387,874,851,399
185: 196,535,503,415,886,1239
186: 314,1055,1209,652,229,830
187: 145,970,384,74,695,203,1249
188: 991,1144,1153,297,1190,204
189: 895,949,306,562,857,362
190: 145,400,93,39,921,259
191: 1115,1150,1172,1075,1038
192: 253,336,1210,1085,545,618
193: 1212,920,1257,1170,1256,327
194: 534,454,333,347,593
195: 799,847,59,592,947,957,763
196: 535,185,237,682,503,1216
197: 364,1222,1221,140,343
198: 334,156,1189,720,131,954
199: 1045,796,1113,924,967,235
200: 56,976,1043,235,303,930
201: 1163,1186,1133,1150,1063,1068
202: 466,423,180,627,388,1079,460
203: 493,695,145,93,187
204: 57,1178,991,883,188,297
205: 792,653,354,212,948,1227
206: 823,584,463,462,510,945
207: 127,123,159,1134,1040,516,1008
208: 1002,840,1033,717,765,1128
209: 256,990,769,718,320,276
210: 292,34,1117,789,1169,1013
211: 1146,680,1179,1025,484,100
212: 617,526,205,354,283,1227
213: 283,363,548,617,396,98
214: 810,1096,1081,798,767,176
215: 663,813,325,607,856,217
216: 626,719,144,475,122,885
217: 856,167,607,873,215,326
1212: 920,359,193,1074,1256
219: 1241,385,679,469,963,793
220: 1249,160,442,970,318,351
221: 101,91,1063,1068,1072,1148
222: 1046,50,1062,1076,877,1043
223: 432,519,244,180,1015,627,1079
224: 568,517,643,573,1077,1016
225: 550,1110,1060,1185,527,345
226: 378,483,807,65,376,828
227: 735,339,671,36,683,843
228: 560,672,1007,420,267,709
229: 541,652,186,655,864
230: 923,955,848,1037,1095,827
1234: 777,174,776,289
232: 114,972,29,100,424,928
233: 73,1016,568,1139,971,525
234: 914,429,966,748,1224,721
235: 51,303,930,1113,1045,199,200
236: 249,564,872,735,476,758
237: 196,535,682,841
238: 825,992,888,834,360,40
1177: 865,513,1106,70,1026
240: 912,673,1242,626,950,544
241: 857,956,871,386,647,637
242: 63,934,250,42,825,310
243: 728,129,557,168,755,380
244: 223,432,482,1137,580,1015
1166: 621,521,10,975,1004,1130
246: 669,524,790,854,108,612
247: 647,1140,1231,867,936
248: 664,850,781,177,328
249: 564,236,872,84,143,678
250: 934,108,882,63,612,242
251: 302,978,375,836,899,567
252: 684,1008,1134,1042,1103
253: 336,1210,192,278,791
254: 647,637,1140,961,830
255: 759,257,481,878,53,1021
256: 769,209,320,953,998,650
257: 759,255,263,1021,1006,678
258: 2,298,952,104,350
259: 379,387,190,400,39,148
260: 1170,440,778,589,597,1219
261: 26,165,112,520
262: 781,588,409,602,421,1039
263: 759,257,84,628,713,678
264: 688,782,927,284,158,701
265: 670,166,1218
266: 381,119,1164,173,783,811
267: 732,1025,560,228,296,709
268: 47,574,791,1078,689,1147
269: 846,1229,343,364,523,1173
270: 1092,501,1097,1142,1067
271: 43,531,805,125,902
272: 88,987,1169,1120,1102,1109
273: 134,307,471,438,1061,583
274: 461,557,721,1224,129
1191: 1076,877,346,1186,1005
276: 320,718,869,209
277: 379,400,970,318,411
278: 253,1210,574,791,152,374,910
279: 64,406,448,1082,444,1059
280: 66,1215,1175,932
281: 61,380,648,391,450
282: 94,979,412,850,785,369
283: 838,363,213,617,212,1227
284: 126,917,30,927,782,264
285: 446,41,1071,49,1161
286: 999,157,382,704,359
1190: 686,297,794,79,1153,188
288: 42,542,1054,532,1116
289: 1237,1245,776,1234
290: 988,6,377,344,492,951
291: 1143,338,531,958
292: 210,34,1117,804,1073
293: 1241,385,1188,133,670
1170: 440,778,260,1256,193,179,327
295: 392,635,729,116,113,111
296: 604,32,784,560,267,1025
297: 686,634,1190,188,204,1178
298: 258,2,426,514,350,774
299: 20,1009,537,549
300: 577,311,68,77
301: 478,922,81,602,588
302: 251,978,375,858,809
303: 235,51,930,1005,877,200,1043
304: 318,411,351,702,792,354
305: 1248,1188,25,679,385
306: 154,668,1239,562,189,895
307: 134,273,649,563,425,438
308: 81,602,421,135
309: 836,899,86,842
310: 825,992,242,42,1116,1123
311: 993,68,610,1034,300,577
1249: 160,220,74,970,187
1228: 8,78,121,1240,455
314: 186,1209,773,1140,149,830
315: 968,900,1213,883,712,1204
316: 688,782,495,65,833,181
317: 174,1101,579,816,776
318: 304,411,351,220,277
319: 365,422,72,153,1084
320: 276,256,209,650
1193: 404,505,1192
322: 150,338,1080,505,472,1143
323: 179,327,718,546,869,994
1179: 1146,211,100,889,1216,972
325: 215,813,658,329,856,705
326: 178,430,873,831,167,217
327: 179,323,193,852,1257,1170
328: 1176,554,781,248,850,412
329: 716,856,325,674,705,172
1186: 1163,201,1068,515,1005,1191,346
331: 398,1123,1094,660,1116
332: 392,483,635
333: 507,454,194,593,786,1132,99
334: 942,953,998,156,198,954
335: 906,105,382,453,137,1211
336: 253,192,1078,740,1085,791
337: 7,587,576,1089,730,1207
338: 150,322,902,531,1143,291
339: 735,227,671,1248,758,714
340: 589,1119,512,1074,440
341: 58,496,878,408,513,761,481
1163: 1186,201,1150,1172,515,1151
343: 269,1229,140,725,197,364
344: 511,492,667,430,377,290
345: 993,694,527,225,1060,773
346: 1191,1076,1068,1186,161,1148
347: 768,1024,593,819,433,534,194
348: 753,1214,358,586
1178: 57,204,297,634,1101,1255,579
350: 1027,1196,258,298,952,1254,774
351: 318,304,442,220,361,702
352: 632,717,508,517,643,1128,1124
353: 461,721,144,429,724,950
354: 792,205,702,304,526,212
355: 985,97,834,1230,639,685
356: 398,1123,1090,992,40,832
357: 990,769,778,1219,1000
358: 103,586,44,348
359: 1212,920,704,862,286,1074
360: 685,939,40,834,238,832
361: 702,913,572,442,7,351
362: 857,956,125,189,949,480
363: 863,283,838,213,662,396
364: 197,1222,269,343,600,523
365: 422,319,153,1247
1169: 88,272,789,210,1109,1013
367: 415,708,668,601,787,895
368: 585,567,140,978,142
369: 785,1257,862,850,282,920
1225: 384,109,459,469,793
1207: 730,436,1059,576,337
1245: 662,396,776,289,1237
1199: 681,1154,556,406,944,417,1198
374: 940,908,910,278,574,1205
375: 251,302,498,677,858,836
376: 635,729,620,828,866,483,226
377: 6,290,430,716,167,344
378: 483,226,1159,65,1121,1182
379: 277,259,387,874,400,411
380: 755,648,243,168,281,61
381: 119,266,70,173,1106
382: 157,453,335,1211,286,999
383: 1082,416,96,711,64
384: 1225,109,74,695,793,187
385: 219,1241,293,305,679
386: 1231,871,530,241,647
387: 259,379,874,851,148,184
388: 974,1047,180,627,466,202,460
389: 651,948,1227,1252,926,838
1258: 137,861,982,494
391: 401,450,648,281,470,1037
392: 332,295,635,111
393: 63,612,888,854,779,985
394: 21,106,542,532,1011
395: 784,919,600,560,672,523
396: 662,1245,98,363,213
397: 1040,171,169,516,973,561,518
398: 331,356,1090,660,446,890
399: 78,851,184
400: 145,190,970,277,259,379
401: 391,839,450,173,1037,827
402: 578,1235,168,906,982,61
403: 1157,1122,1094,660,1011
404: 1193,1080,964,997
405: 845,967,175,943,1026,1126,1113
406: 448,279,1199,444,1198
407: 621,561,171,10,631,1152
408: 751,0,1164,761,341,496
409: 135,486,421,615,1039,262
410: 1217,1236,163,447,1243,887
411: 318,304,277,379,874,792,590
412: 94,282,554,328,850
413: 79,1153,1205,1035,908
1239: 154,668,306,185,503,415
415: 367,708,886,185,668,1239
416: 1082,383,715,711,745,468
417: 1035,944,1160,1199,1198
418: 539,138,536,124,656,829
419: 824,538,951,837,858
420: 1007,518,614,672,228,1173
421: 308,602,135,409,262
422: 365,72,319,570
423: 466,202,180,1042,1079,1103,1031
424: 928,23,29,965,232
425: 563,746,665,183,438,307
426: 456,514,461,557,2,298
427: 22,500,519,159,449
1226: 478,922,1232
429: 914,234,144,475,721,353
430: 178,326,167,344,667,377
431: 1058,701,688,495,640,575
432: 223,519,244,1102,1137,500
433: 1002,819,743,1052,347,768
434: 923,955,876,986,691
435: 134,690,607,583,663
436: 730,1207,1020,900,1213
437: 1138,107,1009,537,748,1104
438: 1111,471,665,425,307,273
439: 1012,545,618,126,30
440: 1170,260,1256,340,589
1242: 673,1141,240,912,639
442: 7,587,160,220,361,351
1189: 641,1023,156,198,720,713
444: 1198,1020,406,279,1059
445: 859,881,546,994
446: 285,41,890,398,1090,49
447: 1243,410,663,813,887
448: 64,406,279,1,487,1154
449: 1134,1042,1079,427,519,159
450: 391,401,839,281,494
451: 696,938,701,640,87
452: 1058,575,1159,780,132,700
453: 157,382,335,105,1260
454: 507,534,644,333,194,584
455: 1149,1228,78,1240
456: 426,514,733,557,755,164
457: 692,115,1156,770,1003,1162
458: 112,520,178,103,44,667
459: 706,469,633,48,1225,109
460: 810,1096,1047,388,466,202,675
461: 274,721,353,724,2,426
462: 616,510,996,965,945,206
463: 206,584,510,1195,644
1165: 1149,929
1248: 305,758,714,1188,339
466: 423,202,388,810,460,1031,675
467: 613,69,1138,1136,806,1104
468: 657,1089,745,642,48,416,715
469: 459,679,706,219,1225,793
470: 1037,17,986,648,164,391
471: 1155,1111,438,273,1061
472: 1192,505,322,1143
473: 741,863,926,905
474: 1194,975,1004,1010,821,45
475: 216,144,122,20,914,429
476: 1203,85,25,236,872,758
477: 117,937,138,536
478: 1226,922,301,731
479: 934,882,1070,1250,1054
480: 949,76,362,125,150,902
481: 865,513,341,878,53,255
482: 1161,1137,1105,551,580,244
483: 378,226,635,376,1182,332
484: 619,29,100,732,1025,211
1161: 482,1105,285,41,1071,551
486: 135,570,409,72
487: 1,915,488,96,64,448
488: 487,915,808,96,1197,605
1236: 1251,410,625,887,1070
1216: 503,682,1146,1179,196
1224: 966,52,234,274,721,129
492: 344,511,290,837,608,951
493: 963,166,695,203,1218,93
494: 37,811,1258,839,450
495: 688,316,65,1058,1121,431
496: 58,341,408,0,540
1181: 1087,94,62
498: 753,1214,677,836,86,375
1187: 631,709,732,619,1029,941
500: 22,427,1109,1102,432,519
501: 814,1090,1142,49,270
1219: 597,558,1000,778,260,357
503: 889,1216,196,185,154,1239
504: 3,15,1050,28,85,742
505: 1193,1080,322,1192,472
506: 157,860,615,1039,177,664
507: 454,333,584,909,1132
508: 645,767,176,573,352,632,517
509: 684,1008,821,1040,10,1004
510: 462,616,1130,1195,206,463
511: 344,492,667,103,586,608
512: 340,1119,783,37
513: 865,761,481,1177,70,341
514: 426,456,733,298,774
515: 89,1126,1151,1005,1163,1186
516: 1040,397,127,207
517: 643,224,508,176,573,352,632
518: 1007,561,420,614,973,397
519: 223,432,427,500,449,1079
520: 112,458,165,261,831,178
521: 1166,621,1152,941,616,1130
1195: 818,1125,510,1130,463,644
523: 672,1173,364,269,395,600
524: 669,246,54,1088,528,790
525: 1147,971,568,233,73,1139,1028
526: 4,617,212,702,913,354
527: 936,149,1167,1185,225,773,345
528: 984,1088,606,95,524,790
529: 31,152,940,102,981,11
530: 750,871,114,928,386,795
531: 43,271,338,902,291,958
532: 1094,1011,542,288,394
1220: 604,27,747,884,1146,680
534: 454,644,194,1125,819,347
535: 196,185,237,886
536: 418,138,477,937,656,659
537: 299,1009,437,107
538: 824,419,951,162,988
539: 418,138,124,771
540: 641,1023,0,558,58,496
541: 652,229,43,946,136,655
542: 674,1054,288,21,394,532
543: 893,738,1223,9,1217,163
544: 724,104,950,240,912,933
545: 1012,439,618,1066,1085,192
546: 881,852,445,323,994
1175: 1215,280,1222,1158,932,676
548: 712,1204,816,4,617,98,213
549: 599,122,20,299
550: 225,1110,1060,696,938,916
551: 1057,580,1056,1071,482,1161
1244: 1218,93,921
553: 809,925,802,978,983,142
554: 1176,328,1087,94,412
555: 884,841,699,747
556: 1199,681,1154,1028,689,944
557: 274,243,129,426,456,755
558: 597,1219,1000,0,540,1023
1251: 1217,1236,669,54,625
560: 672,228,395,784,296,267
561: 1007,518,171,397,407
562: 750,871,306,189,857
563: 746,581,425,1127,307,649
564: 249,236,904,84,843,735
565: 892,665,1111
566: 988,6,172,21,106,162
567: 585,368,899,251,978,736
568: 643,224,233,1016,24,971,525
1192: 472,1193,505
570: 135,486,422,72
571: 789,661,925,802,1253,34
572: 361,913,730,7,968,900
573: 176,1030,1077,508,517,643,224
574: 47,268,1205,791,278,374
575: 147,640,87,1058,452,431,700
576: 1082,715,1089,1207,1059,337
577: 300,311,610,624
578: 697,402,989,1235,168,728
579: 317,1101,57,1178,816
580: 551,1057,482,244,1015
581: 563,746,1114,1127
582: 629,699,646
583: 598,607,134,273,435,1061
584: 206,823,463,507,454,909
585: 368,567,736,38,1221
586: 358,103,511,1214,348,608
587: 442,7,337,1089,611,160
588: 781,262,602,301,1176
589: 340,1119,440,260,751,597
590: 8,411,874,792,653
1230: 912,639,933,355,685
592: 195,947,1051,757,957
593: 347,1024,333,194,1135,99
1185: 1132,1100,527,1167,225,1110
1246: 1254,1097,1196,1092
1223: 543,893,1114,9
597: 1219,558,589,260,751,0
598: 873,583,831,165,1061
599: 122,885,826,549
600: 395,676,919,364,1222,523
601: 964,787,1238,367,895
602: 81,308,421,301,262,588
603: 711,605,745,75,1050
604: 32,27,1220,296,1025,680
605: 711,603,1197,75,488,96
606: 124,95,771,528,801,790
607: 873,583,435,215,663,217
608: 677,837,586,511,492,1214
1164: 119,266,783,1119,408,751
610: 147,87,1034,311,577,624
611: 657,1089,109,74,587,160
612: 393,63,246,854,108,250
613: 467,734,69,1136,153
614: 693,973,846,1173,518,420
615: 860,1036,1039,409,506
616: 462,510,1130,521,996,941
617: 4,526,212,548,283,213
618: 545,439,1210,192,30,727
619: 484,29,732,1187,1029
620: 729,376,828,866,55,1018,116
621: 1166,521,407,10,1152,1004
622: 53,897,1021,924,799,59
623: 905,651,1233,800
624: 815,147,610,577
625: 669,1251,1236,1070,108,882
626: 216,719,144,673,240,950
627: 180,1015,71,223,974,388,202
628: 904,84,720,713,263
629: 699,747,582,170,32,27
630: 991,1044,883
631: 1187,709,1152,1007,407
632: 352,717,645,508,1065,517
633: 742,642,48,28,459,706
634: 686,297,1018,1178,1091,1255
635: 729,376,483,332,392,295
1194: 975,474,45,1033,818,1125,743
637: 254,647,956,241,805,961
1232: 1048,1226
639: 1230,912,1242,355,97
640: 87,575,451,701,1058,431
641: 540,1189,1023,58,713
642: 742,633,48,745,468
643: 568,517,224,573,352,1124,24
644: 534,454,1125,1195,463
645: 675,767,508,146,1065,632
646: 1158,932,582
647: 254,247,637,1231,386,241
648: 755,380,164,281,470,391
649: 134,307,563,1127,690,803
650: 5,256,320,953
651: 389,1252,926,1233,905,623
652: 541,961,229,830,186
653: 205,8,590,948,1252,121
1204: 548,712,816,883,315,57
655: 136,541,229,864
656: 829,788,418,536,659,1141
657: 468,1089,611,48,109
658: 887,1070,1250,813,325,705
659: 744,1141,536,937,656
660: 1094,331,398,1122,403,890
661: 789,571,80,1129,88
662: 1245,396,863,363,1237,741
663: 215,813,435,690,447,607
664: 704,248,862,177,157,506
665: 565,892,183,425,438
666: 685,939
667: 344,511,458,178,430,103
668: 306,1239,415,367,895
669: 524,246,54,625,1251,108
670: 265,133,1241,293
671: 339,227,36,1053,835,714
672: 560,523,228,1173,395,420
673: 744,1242,1141,626,719,240
674: 542,705,1054,329,172,21
675: 645,767,466,810,460,1031,146
676: 919,600,1175,1222,1158
677: 837,858,608,498,1214,375
678: 1006,143,263,257,84,249
679: 706,469,1203,25,305,219,385
680: 1146,211,604,1220,1025
681: 1199,1154,556,1028,1064,1139
682: 884,841,1146,196,237,1216
683: 131,954,843,1183,227,36
684: 509,1008,252,821,1103,901,1010
685: 360,355,834,1230,666
686: 297,794,634,1018,1190,55
1210: 253,192,278,618,152,727
688: 782,316,264,495,701,431
689: 1147,556,1028,47,268,944
690: 803,1243,134,649,435,663
691: 1075,1180,876,434
692: 1093,115,457,1069,1112,1162
693: 614,1073,973,139,1117,846
694: 993,68,345,1055,1209,773
695: 493,963,203,793,384,187
696: 451,938,550,1060,87,1034
697: 578,989,806,52,69,728
1188: 305,1248,714,1131,133,293
699: 629,747,582,555
700: 780,147,575,1058,452,815
701: 451,938,158,688,264,640,431
702: 361,913,304,351,526,354
1241: 219,385,293,670,963,166
704: 862,664,157,286,359
705: 674,1054,325,658,1250,329
706: 459,679,469,28,1203,633
707: 1182,1159,132
708: 415,367,886,787
709: 631,1187,228,1007,732,267
710: 1240,1233,1149,800,929
711: 605,603,745,96,416,383
712: 548,1204,315,968,4
713: 720,628,58,1189,641,759,263
714: 1248,1188,339,671,1053,1131
715: 1082,416,576,468,1089
716: 329,856,167,6,377,172
717: 352,632,840,1065,208,1128
718: 179,323,869,990,209,276
719: 216,626,726,885,673,744
720: 904,628,713,1189,198,131
721: 274,461,353,234,429,1224
1184: 175,1038,1172,1151
723: 840,45,1065,901,146,1010
724: 104,950,544,461,353,2
725: 983,804,142,140,1229,343
726: 117,937,885,826,744,719
727: 31,152,618,1210,917,30
728: 243,129,52,697,578,168
729: 635,376,620,116,295
730: 1207,436,7,337,900,572
731: 1176,478,1048,1087
732: 267,1025,1187,709,484,619
733: 456,514,164,35,17
734: 613,69,820,1084,989,155
735: 339,227,843,564,236,758
736: 16,38,842,899,585,567
1183: 954,683,942,1017,844,36
738: 543,893,969,1088,1217,54
1227: 948,389,212,205,283,838
740: 1078,1124,24,1085,1001,971,336
741: 473,662,863,1237
742: 633,642,504,1050,28
743: 1002,819,433,1194,1033,1125
744: 659,673,1141,726,937,719
745: 711,603,642,416,468
746: 563,581,425,183
747: 629,699,27,1220,555,884
748: 966,1104,1009,437,914,234
1198: 444,1108,1199,406,417,1160
750: 871,530,562,114,875
751: 408,0,589,1119,1164,597
752: 111,60,113,777
753: 498,1214,348,86
754: 23,945,823,795,822
755: 380,648,164,557,243,456
1174: 56,976,1107,855,1168,1032
757: 760,957,75,592,1051,1197
758: 1248,236,735,339,476,25
759: 255,263,257,58,878,713
760: 757,957,75,763,3,1050
761: 513,119,70,408,341
762: 866,33,55,11,19,794
763: 760,957,195,847,46,3
1168: 1064,1032,1174,855,1,915,808
765: 1066,1001,1128,1052,1002,208
1229: 269,846,343,804,725,1073
767: 675,645,508,810,214,176
768: 347,1024,433,1052,1012
769: 256,990,357,209,1000,998
770: 1092,1156,1067,115,457
771: 124,606,95,539
1240: 121,710,1228,455,1149
773: 314,1209,149,527,345,694
774: 1145,298,514,1027,350
1252: 651,948,389,653,121,1233
776: 1245,317,174,1234,289
777: 1234,60,174,752
778: 1170,260,179,1219,990,357
779: 801,854,829,788,393
780: 132,700,452,815
781: 262,588,177,1176,328,248
782: 688,316,264,917,284,181
783: 37,811,1119,512,266,1164
784: 395,919,560,32,296
785: 881,852,369,1257,282,979
786: 1132,333,99,118,1110,916
787: 601,1238,367,708
788: 656,829,779,1141,97
789: 661,571,88,1169,210,34
790: 801,854,528,606,524,246
791: 268,574,1078,253,336,278
792: 205,354,304,411,590
793: 963,695,469,219,1225,384
794: 686,1190,19,79,762,55
795: 1231,822,928,23,754,530
796: 947,1045,199,924,967,59
797: 864,77,1055
798: 161,1081,214,176,1030,1062
799: 195,847,59,622,1021,1006
800: 929,710,1233,623
801: 790,854,779,124,606,829
802: 553,809,925,1253,824,571
803: 690,1243,1127,9,649,163
804: 983,725,292,34,1229,1073
805: 271,956,125,637,961
806: 966,1104,52,467,69,697
807: 65,833,981,33,226,828
808: 915,488,1041,1197,855,1168
809: 553,802,858,824,302
810: 460,1096,214,466,675,767
811: 783,37,494,839,173,266
1213: 315,900,1020,436,1044
813: 215,663,325,447,658,887
814: 832,501,939,1097
815: 624,147,780,700
816: 548,1204,57,317,579,98
1233: 710,651,1252,623,800
818: 1125,1195,1194,975,1130
819: 1002,743,433,1125,534,347
820: 1084,734,1036,155,105,1260
821: 509,684,1008,474,1004,1010
822: 1231,795,754,867,1049
823: 206,584,945,754,1049,909
824: 538,419,809,802,1253
825: 238,992,310,63,888,242
826: 599,885,117,726
827: 1095,1037,401,173,230
828: 376,620,807,866,33,226
829: 656,788,124,418,801,779
830: 961,652,254,1140,186,314
831: 598,873,165,520,178,326
832: 814,360,939,40,356
833: 807,65,981,181,316
834: 355,985,888,238,360,685
835: 1053,1017,671,36
836: 309,899,86,498,251,375
837: 677,858,608,492,419,951
838: 863,283,363,389,1227,926
839: 401,450,173,811,494
840: 723,45,1065,1033,717,208
841: 555,682,884,237
842: 736,16,309,899
843: 131,683,904,564,735,227
844: 1017,942,5,1183
845: 405,924,967,1026,897
846: 269,1229,614,1073,693,1173
847: 799,195,1006,46,763
848: 230,923,1095,959
1173: 672,523,269,846,614,420
850: 248,862,328,282,412,369
851: 148,387,184,399
852: 881,785,546,1257,327
1172: 191,1150,1184,1038,1163,1151
854: 801,790,779,246,393,612
855: 1041,976,1174,1168,915,808
856: 329,716,167,217,215,325
857: 956,241,362,871,562,189
858: 677,837,419,302,375,809
859: 445,979,62,881
860: 615,1036,1260,506
861: 137,1211,1258,37
862: 704,664,850,920,359,369
863: 838,363,662,926,741,473
864: 797,229,655
865: 513,481,1177,1026,53,897
866: 33,762,55,1018,376,620,828
867: 1049,1231,822,247,936,1167
1205: 47,574,1035,908,374,413
869: 994,323,718,276
1237: 289,662,1245,741
871: 750,530,562,386,857,241
872: 249,236,143,15,476,85
873: 598,607,831,326,217
874: 379,387,411,590,184
875: 114,972,889,154,750
876: 1145,35,986,691,1180,434
877: 1191,1076,1005,51,303,222,1043
878: 58,341,481,759,255
1222: 197,364,1221,1215,1175,676,600
1243: 690,803,447,410,163
881: 785,852,546,979,859,445
882: 934,108,250,479,625,1070
883: 991,1044,630,315,57,204,1204
884: 555,682,841,747,1220,1146
885: 599,122,826,726,216,719
886: 415,708,535,185
887: 658,1070,447,1236,410,813
888: 393,63,985,834,238,825
889: 503,1179,972,875,154
890: 446,41,1171,660,398,1122
1260: 105,820,860,1036,453
892: 565,665,183
893: 543,738,1223,969
1171: 41,890,931,1122,987,1120,1105
895: 189,949,367,668,306,601
1221: 197,1222,38,585,1215
897: 53,622,1026,865,924,845
1259: 182,80,1157,1129
899: 836,309,251,736,842,567
900: 315,968,1213,730,436,572
901: 1103,1031,146,684,1010,723
902: 150,338,480,125,271,531
1203: 476,85,25,28,679,706
904: 84,720,628,131,843,564
905: 623,651,926,473
906: 335,105,402,1235,982,137
1162: 1099,1083,1003,692,457,1069
908: 940,19,374,1205,79,413
909: 1049,1100,823,584,507,1132
910: 940,374,102,278,152
1206: 
912: 240,1230,639,933,1242,544
913: 361,702,572,968,4,526
914: 234,429,20,1009,475,748
915: 1,487,808,488,96,855,1168
916: 938,158,786,118,550,1110
917: 30,284,31,727,782,181
1180: 691,1075,1145,876,67
919: 395,676,784,600,1158,170,32
920: 1212,359,193,862,369,1257
921: 39,1244,190,93
922: 1226,478,301,81
923: 230,955,434,848,1038
924: 845,967,897,622,199,796,59
925: 553,802,571,983,34
926: 651,389,863,838,473,905
927: 1135,118,126,284,158,264
928: 424,23,232,114,530,795
929: 800,710,1149,1165
930: 235,303,1045,976,200,1019
931: 1157,1122,1129,1171,987
932: 646,1158,280,1175
933: 1230,912,104,544
934: 882,250,479,242,42
1211: 137,861,335,382,999
936: 149,527,1167,867,247,1140
937: 117,477,726,536,659,744
938: 451,696,158,916,701,550
939: 360,666,814,832
940: 908,19,374,102,910,152,529,11
941: 996,1029,1187,1152,521,616
942: 334,953,5,954,1183,844
943: 959,1026,175,405
944: 1035,417,689,1199,556,47
945: 23,754,965,462,206,823
946: 958,43,541,136
947: 1045,796,195,59,592
948: 389,1227,1252,205,653
949: 189,895,76,480,362
950: 724,544,626,144,240,353
951: 538,419,492,988,290,837
952: 258,1254,350
953: 334,942,998,256,650,5
954: 131,683,1183,334,942,198
955: 230,923,434,1037,986
956: 857,241,362,125,637,805
957: 760,757,763,195,592,1051
958: 946,43,531,291
959: 943,848,1095,1106
1215: 66,280,1175,38,1222,1221
961: 652,830,254,637,805
962: 127,159,1117,22,1013,139
963: 493,166,695,793,219,1241
964: 601,1238,997,76,404,1080
965: 996,1029,462,424,23,945
966: 806,748,1104,52,1224,234
967: 405,924,845,1113,199,796
968: 315,900,913,572,712,4
969: 1088,893,738
970: 145,400,187,1249,220,277
971: 1147,525,568,233,1078,740,24
972: 232,114,875,1179,100,889
973: 614,693,139,518,397
974: 1047,1072,388,1112,71,627
975: 1194,474,1004,1166,1130,818
976: 56,200,1174,930,1019,1041,855
1253: 802,824,80,571
978: 251,302,553,368,567,142
979: 94,282,62,881,785,859
1254: 1246,1097,952,1196,350
981: 807,833,181,31,529,33,11
982: 61,402,906,137,1258
983: 804,725,142,553,925,34
984: 1206,1088,528,95
985: 355,97,834,393,888
986: 470,1037,17,35,876,955,434
987: 88,272,1120,931,1129,1171
988: 566,6,290,538,951,162
989: 697,578,1235,734,69,155
990: 769,357,209,778,179,718
991: 1144,1044,883,630,188,204
992: 238,825,310,40,356,1123
993: 311,68,345,694,1060,1034
994: 869,546,445,323
1197: 1041,1051,757,75,808,488,605
996: 1029,941,965,462,616
997: 964,1238,404
998: 334,953,156,1000,256,769
999: 286,1074,382,1211
1000: 1219,558,769,357,1023,998,156
1001: 1066,765,1128,1124,740,1085
1002: 819,743,433,208,1033,765,1052
1003: 1022,1098,1156,457,1099,1162
1004: 975,474,10,509,821,1166,621
1005: 89,515,1186,1191,877,51,303
1006: 678,1021,257,799,847
1007: 561,518,420,228,631,709
1008: 509,684,252,821,207,1134,1040
1009: 20,299,537,437,914,748
1010: 474,684,821,901,723,45
1011: 532,106,394,1157,403
1012: 545,439,1066,768,1024
1013: 22,1109,1169,210,1117,962
1014: 1046,50,1077,1107,73,1016
1015: 180,71,627,1057,580,223,244
1016: 233,73,1077,1014,568,224
1017: 844,1183,36,835
1018: 686,634,866,55,620,116,1091
1019: 1041,1051,930,1045,976
1020: 444,1108,436,1044,1213
1021: 53,622,255,257,799,59,1006
1022: 1086,1098,67,1003,1156
1023: 540,1189,641,558,1000,156
1024: 347,768,593,1012,1135,126
1025: 732,267,604,296,680,211,484
1026: 943,865,1177,405,845,897
1027: 1196,350,1145,774,67
1028: 681,556,1139,689,1147,525
1029: 996,941,965,1187,619,29
1030: 176,573,1077,798,1046,1062
1031: 1103,901,146,466,423,675
1032: 1064,1168,1139,1107,1174,73
1033: 840,45,1194,1002,743,208
1034: 87,610,1060,696,993,311
1035: 944,417,1160,47,1205,413
1036: 860,615,72,820,1084,1260
1037: 470,986,391,401,230,955,827
1038: 1184,923,191,1172
1039: 615,409,262,177,506
1040: 171,169,10,516,397,207,509,1008
1041: 1019,1051,1197,855,976,808
1042: 1134,449,1079,423,252,1103
1043: 56,200,877,303,50,222
1044: 991,1144,883,630,1108,1020,1213
1045: 947,199,796,235,930,1019
1046: 50,222,1014,1062,1030,1077
1047: 974,1072,388,91,460,1096
1048: 1232,731,1087
1049: 867,909,1100,823,822
1050: 3,504,760,75,603,742
1051: 1019,1041,1197,592,757,957
1052: 1066,765,1002,433,768
1053: 835,671,714,1131
1054: 674,542,705,1250,479,42,288
1055: 186,1209,68,694,797,77
1056: 551,1057,1071,1067,1093,115
1057: 551,580,1056,1093,1015,71
1058: 452,1121,431,495,640,575,1159,700
1059: 1207,279,1082,576,444
1060: 225,550,696,993,345,1034
1061: 165,471,273,598,583
1062: 1046,222,161,798,1076,1030
1063: 101,221,1068,1083,1133,201
1064: 1168,1032,1139,1,681,1154
1065: 840,723,146,645,632,717
1066: 765,1001,1052,1085,1012,545
1067: 1071,1142,770,270,1056,115
1068: 221,1063,1186,201,1148,346
1069: 692,1112,1083,1162,1072,101
1070: 658,887,1250,1236,625,882,479
1071: 1142,1067,285,1161,551,1056
1072: 974,1047,1069,1112,101,221,91
1073: 693,804,292,1117,846,1229
1074: 999,1212,359,340,1256
1075: 691,1180,1098,1115,191
1076: 1191,877,346,161,222,1062
1077: 1030,573,1046,1014,224,1016
1078: 740,24,1147,971,336,268,791
1079: 449,1042,223,519,180,423,202
1080: 404,505,964,76,150,322
1081: 161,798,1148,91,1096,214
1082: 416,383,576,715,64,279,1059
1083: 1099,1162,1133,1069,101,1063
1084: 820,72,319,734,1036
1085: 740,1066,1001,545,336,192
1086: 1022,67,1196,1092,1156
1087: 1181,1048,554,731
1088: 984,969,528,738,524,54
1089: 657,468,611,576,715,337,587
1090: 356,398,501,446,49
1091: 60,116,113,634,1018,1101,1255
1092: 1156,770,270,1246,1086
1093: 692,115,1112,1057,1056,71
1094: 532,660,1116,331,403
1095: 827,1106,230,848,959
1096: 810,460,214,1047,91,1081
1097: 1246,1254,814,270
1098: 1022,1003,1075,1099,1115
1099: 1083,1162,1133,1098,1003,1115
1100: 1049,909,1132,1185,1167
1101: 317,174,1255,579,1178,60,1091
1102: 272,1120,1137,1109,500,432
1103: 1031,901,1042,423,684,252
1104: 806,966,748,1138,437,467
1105: 482,1161,1137,41,1171,1120
1106: 1095,381,70,959,1177
1107: 56,1174,50,1014,73,1032
1108: 1198,1020,1160,1144,1044
1109: 22,500,1013,1169,272,1102
1110: 225,550,786,1185,118,916
1111: 1155,471,438,565
1112: 1093,692,1069,71,974,1072
1113: 89,1126,405,967,235,51,199
1114: 1127,9,581,1223
1115: 191,1150,1098,1075,1099,1133
1116: 1094,42,288,310,331,1123
1117: 292,210,1013,1073,693,139,962
1118: 1138,107,1136
1119: 340,589,512,783,1164,751
1120: 987,272,1102,1171,1137,1105
1121: 1058,495,65,378,1159
1122: 931,1157,403,660,890,1171
1123: 331,356,992,310,1116
1124: 740,24,352,643,1001,1128
1125: 818,1195,1194,819,743,534,644
1126: 89,515,1113,1151,175,405
1127: 1114,9,563,581,649,803
1128: 765,1001,352,717,208,1124
1129: 931,1157,1259,661,88,987
1130: 616,510,1166,521,975,818,1195
1131: 133,1053,714,1188
1132: 786,1185,507,333,909,1100
1133: 1099,1083,1115,1150,1063,201
1134: 449,1042,159,207,1008,252
1135: 99,118,927,1024,593,126
1136: 153,1247,1138,1118,467,613
1137: 482,1105,1120,1102,432,244
1138: 437,107,1118,1136,1104,467
1139: 1064,1032,233,73,525,681,1028
1140: 254,247,936,149,830,314
1141: 659,673,744,1242,656,788
1142: 1071,49,1067,501,270
1143: 291,322,338,472
1144: 991,1044,188,1160,1108,1153
1145: 35,774,876,1027,1180
1146: 680,211,1179,1220,682,884,1216
1147: 689,971,525,1078,1028,268
1148: 161,1081,221,91,1068,346
1149: 455,710,1240,929,1165
1150: 1115,191,1172,1133,1163,201
1151: 89,515,1126,1172,1184,175,1163
1152: 631,621,521,407,941
1153: 79,413,1160,1144,188,1190
1154: 1199,681,556,1064,1,448
1155: 1111,471,26
1156: 1092,770,1086,1022,1003,457
1157: 931,1122,403,1129,1011,1259
1158: 646,932,170,1175,676,919
1159: 378,1058,452,1121,132,1182,707
1160: 1035,417,1198,1108,1153,1144
1250: 658,1070,479,705,1054
1257: 785,852,369,920,193,327